Pos	Count	Matches	Mis	Valid	Inval	Inv St	Errors	E rate	SNPrate	CE rate	CSNPrat	FSNPrat
0	2656216	2584283	71933	12465	3203	3203	59468	0.0224	0.0047	0.0230	0.0041	0.0012
1	2656216	2556040	100176	24673	4963	1760	75503	0.0284	0.0093	0.0294	0.0084	0.0007
2	2656216	2594575	61641	23976	3513	1753	37665	0.0142	0.0090	0.0148	0.0084	0.0007
3	2656216	2579075	77141	24499	4499	2746	52642	0.0198	0.0092	0.0207	0.0084	0.0010
4	2656216	2575113	81103	23851	3867	1121	57252	0.0216	0.0090	0.0223	0.0083	0.0004
5	2656216	2602196	54020	22630	2542	1421	31390	0.0118	0.0085	0.0123	0.0080	0.0005
6	2656216	2571903	84313	22620	2366	945	61693	0.0232	0.0085	0.0237	0.0081	0.0004
7	2656216	2614914	41302	21531	1332	387	19771	0.0074	0.0081	0.0077	0.0079	0.0001
8	2656216	2614718	41498	21142	778	391	20356	0.0077	0.0080	0.0078	0.0078	0.0001
9	2656216	2613288	42928	21337	753	362	21591	0.0081	0.0080	0.0083	0.0079	0.0001
10	2656216	2607916	48300	21269	1067	705	27031	0.0102	0.0080	0.0104	0.0078	0.0003
11	2656216	2595331	60885	20801	1255	550	40084	0.0151	0.0078	0.0153	0.0076	0.0002
12	2656216	2611947	44269	19943	1044	494	24326	0.0092	0.0075	0.0094	0.0073	0.0002
13	2656216	2609476	46740	19867	894	400	26873	0.0101	0.0075	0.0103	0.0073	0.0002
14	2656216	2613480	42736	19894	782	382	22842	0.0086	0.0075	0.0087	0.0073	0.0001
15	2656216	2602153	54063	19947	1114	732	34116	0.0128	0.0075	0.0131	0.0073	0.0003
16	2656216	2592443	63773	20751	1427	695	43022	0.0162	0.0078	0.0165	0.0075	0.0003
17	2656216	2598629	57587	20630	1366	671	36957	0.0139	0.0078	0.0142	0.0075	0.0003
18	2656216	2603247	52969	20310	1328	657	32659	0.0123	0.0076	0.0125	0.0074	0.0002
19	2656216	2601499	54717	20385	1387	730	34332	0.0129	0.0077	0.0132	0.0074	0.0003
20	2656216	2586553	69663	20413	1896	1166	49250	0.0185	0.0077	0.0189	0.0073	0.0004
21	2656216	2577489	78727	21035	2448	1282	57692	0.0217	0.0079	0.0222	0.0075	0.0005
22	2656216	2570461	85755	21409	2854	1572	64346	0.0242	0.0081	0.0248	0.0075	0.0006
23	2656216	2574334	81882	21609	3114	1542	60273	0.0227	0.0081	0.0233	0.0075	0.0006
24	2656216	2570001	86215	22389	3553	2011	63826	0.0240	0.0084	0.0247	0.0078	0.0008
25	2656216	2547587	108629	23481	4635	2624	85148	0.0321	0.0088	0.0329	0.0080	0.0010
26	2656216	2546543	109673	24387	6103	3479	85286	0.0321	0.0092	0.0333	0.0080	0.0013
27	2656216	2494911	161305	26211	9061	5582	135094	0.0509	0.0099	0.0526	0.0082	0.0021
28	2656216	2507699	148517	27360	10291	4709	121157	0.0456	0.0103	0.0475	0.0084	0.0018
29	2656216	2513252	142964	27716	10309	5600	115248	0.0434	0.0104	0.0453	0.0085	0.0021
30	2656216	2478631	177585	29100	12573	6973	148485	0.0559	0.0110	0.0583	0.0086	0.0026
31	2656216	2485313	170903	30762	16658	9685	140141	0.0528	0.0116	0.0559	0.0084	0.0036
32	2656216	2377560	278656	36359	27141	17456	242297	0.0912	0.0137	0.0963	0.0086	0.0066
33	2656216	2396580	259636	42691	36043	18587	216945	0.0817	0.0161	0.0885	0.0093	0.0070
34	2656216	2397224	258992	22167	18587	0	236825	0.0892	0.0083	0.0927	0.0048	0.0000
