Pos	Count	Matches	Mis	Valid	Inval	Inv St	Errors	E rate	SNPrate	CE rate	CSNPrat	FSNPrat
0	1854339	1805614	48725	8316	2187	2187	40409	0.0218	0.0045	0.0224	0.0039	0.0012
1	1854339	1784959	69380	16641	3467	1280	52739	0.0284	0.0090	0.0294	0.0080	0.0007
2	1854339	1811160	43179	16376	2515	1235	26803	0.0145	0.0088	0.0151	0.0082	0.0007
3	1854339	1800871	53468	16583	3121	1886	36885	0.0199	0.0089	0.0207	0.0081	0.0010
4	1854339	1798924	55415	16197	2660	774	39218	0.0211	0.0087	0.0219	0.0080	0.0004
5	1854339	1817030	37309	15464	1722	948	21845	0.0118	0.0083	0.0122	0.0079	0.0005
6	1854339	1796400	57939	15118	1568	620	42821	0.0231	0.0082	0.0235	0.0077	0.0003
7	1854339	1826004	28335	14247	917	297	14088	0.0076	0.0077	0.0078	0.0074	0.0002
8	1854339	1825743	28596	14099	576	279	14497	0.0078	0.0076	0.0080	0.0074	0.0002
9	1854339	1824915	29424	14390	573	294	15034	0.0081	0.0078	0.0083	0.0076	0.0002
10	1854339	1820490	33849	14654	762	468	19195	0.0104	0.0079	0.0106	0.0077	0.0003
11	1854339	1812093	42246	14202	897	429	28044	0.0151	0.0077	0.0154	0.0074	0.0002
12	1854339	1823359	30980	13458	787	358	17522	0.0094	0.0073	0.0097	0.0070	0.0002
13	1854339	1821629	32710	13535	669	311	19175	0.0103	0.0073	0.0105	0.0071	0.0002
14	1854339	1825324	29015	13401	618	307	15614	0.0084	0.0072	0.0086	0.0071	0.0002
15	1854339	1816413	37926	13518	824	517	24408	0.0132	0.0073	0.0134	0.0071	0.0003
16	1854339	1810130	44209	14007	1058	541	30202	0.0163	0.0076	0.0166	0.0073	0.0003
17	1854339	1813920	40419	13582	1020	479	26837	0.0145	0.0073	0.0147	0.0070	0.0003
18	1854339	1817171	37168	13524	923	444	23644	0.0128	0.0073	0.0130	0.0070	0.0002
19	1854339	1816288	38051	13933	973	529	24118	0.0130	0.0075	0.0133	0.0073	0.0003
20	1854339	1804934	49405	13896	1409	880	35509	0.0191	0.0075	0.0195	0.0071	0.0005
21	1854339	1798980	55359	14190	1869	989	41169	0.0222	0.0077	0.0227	0.0071	0.0005
22	1854339	1793437	60902	14852	2204	1215	46050	0.0248	0.0080	0.0254	0.0074	0.0007
23	1854339	1795695	58644	14947	2294	1079	43697	0.0236	0.0081	0.0242	0.0074	0.0006
24	1854339	1794567	59772	15242	2384	1305	44530	0.0240	0.0082	0.0247	0.0076	0.0007
25	1854339	1777702	76637	16173	3139	1834	60464	0.0326	0.0087	0.0335	0.0079	0.0010
26	1854339	1777844	76495	16833	4279	2445	59662	0.0322	0.0091	0.0333	0.0079	0.0013
27	1854339	1739350	114989	18181	6556	4111	96808	0.0522	0.0098	0.0540	0.0080	0.0022
28	1854339	1749063	105276	19031	7566	3455	86245	0.0465	0.0103	0.0485	0.0082	0.0019
29	1854339	1753721	100618	19211	7440	3985	81407	0.0439	0.0104	0.0459	0.0084	0.0021
30	1854339	1728922	125417	19976	9070	5085	105441	0.0569	0.0108	0.0593	0.0083	0.0027
31	1854339	1734888	119451	21105	12051	6966	98346	0.0530	0.0114	0.0563	0.0081	0.0038
32	1854339	1654832	199507	25683	19465	12499	173824	0.0937	0.0139	0.0990	0.0086	0.0067
33	1854339	1668171	186168	30565	25551	13052	155603	0.0839	0.0165	0.0908	0.0096	0.0070
34	1854339	1672714	181625	15804	13052	0	165821	0.0894	0.0085	0.0929	0.0050	0.0000
