Pos	Count	Matches	Mis	Valid	Inval	Inv St	Errors	E rate	SNPrate	CE rate	CSNPrat	FSNPrat
0	2262640	2201886	60754	8931	2763	2763	51823	0.0229	0.0039	0.0235	0.0033	0.0012
1	2262640	2179780	82860	17713	4273	1510	65147	0.0288	0.0078	0.0297	0.0069	0.0007
2	2262640	2212782	49858	17304	2973	1463	32554	0.0144	0.0076	0.0150	0.0070	0.0006
3	2262640	2199114	63526	17933	3838	2375	45593	0.0202	0.0079	0.0210	0.0071	0.0010
4	2262640	2195212	67428	17420	3292	917	50008	0.0221	0.0077	0.0228	0.0070	0.0004
5	2262640	2219455	43185	16167	2031	1114	27018	0.0119	0.0071	0.0124	0.0067	0.0005
6	2262640	2192374	70266	16121	1908	794	54145	0.0239	0.0071	0.0244	0.0067	0.0004
7	2262640	2230485	32155	15197	1141	347	16958	0.0075	0.0067	0.0077	0.0065	0.0002
8	2262640	2230310	32330	14790	703	356	17540	0.0078	0.0065	0.0079	0.0064	0.0002
9	2262640	2229072	33568	14706	714	358	18862	0.0083	0.0065	0.0085	0.0063	0.0002
10	2262640	2224594	38046	14718	926	568	23328	0.0103	0.0065	0.0105	0.0063	0.0003
11	2262640	2212394	50246	14765	1038	470	35481	0.0157	0.0065	0.0159	0.0063	0.0002
12	2262640	2227771	34869	13964	856	386	20905	0.0092	0.0062	0.0094	0.0060	0.0002
13	2262640	2225569	37071	13999	726	340	23072	0.0102	0.0062	0.0104	0.0060	0.0002
14	2262640	2228706	33934	14134	696	356	19800	0.0088	0.0062	0.0089	0.0061	0.0002
15	2262640	2218297	44343	14131	1000	644	30212	0.0134	0.0062	0.0136	0.0060	0.0003
16	2262640	2210361	52279	14545	1226	582	37734	0.0167	0.0064	0.0169	0.0062	0.0003
17	2262640	2216169	46471	14289	1141	559	32182	0.0142	0.0063	0.0145	0.0061	0.0002
18	2262640	2219944	42696	14093	1095	536	28603	0.0126	0.0062	0.0129	0.0060	0.0002
19	2262640	2218299	44341	14240	1152	616	30101	0.0133	0.0063	0.0136	0.0060	0.0003
20	2262640	2204587	58053	14634	1708	1092	43419	0.0192	0.0065	0.0196	0.0061	0.0005
21	2262640	2195871	66769	15176	2261	1169	51593	0.0228	0.0067	0.0233	0.0062	0.0005
22	2262640	2191409	71231	15548	2549	1380	55683	0.0246	0.0069	0.0252	0.0063	0.0006
23	2262640	2194223	68417	15819	2674	1294	52598	0.0232	0.0070	0.0238	0.0064	0.0006
24	2262640	2190644	71996	16412	3042	1748	55584	0.0246	0.0073	0.0252	0.0066	0.0008
25	2262640	2171839	90801	17294	3991	2243	73507	0.0325	0.0076	0.0334	0.0068	0.0010
26	2262640	2169160	93480	18019	5335	3092	75461	0.0334	0.0080	0.0345	0.0068	0.0014
27	2262640	2125977	136663	20035	7871	4779	116628	0.0515	0.0089	0.0533	0.0071	0.0021
28	2262640	2137175	125465	21015	8871	4092	104450	0.0462	0.0093	0.0481	0.0073	0.0018
29	2262640	2140773	121867	20986	9025	4933	100881	0.0446	0.0093	0.0466	0.0073	0.0022
30	2262640	2110989	151651	22324	11251	6318	129327	0.0572	0.0099	0.0596	0.0074	0.0028
31	2262640	2115750	146890	23959	14820	8502	122931	0.0543	0.0106	0.0576	0.0073	0.0038
32	2262640	2024518	238122	29194	23331	14829	208928	0.0923	0.0129	0.0975	0.0077	0.0066
33	2262640	2040251	222389	35120	30517	15688	187269	0.0828	0.0155	0.0895	0.0088	0.0069
34	2262640	2040306	222334	18363	15688	0	203971	0.0901	0.0081	0.0936	0.0046	0.0000
