Pos	Count	Matches	Mis	Valid	Inval	Inv St	Errors	E rate	SNPrate	CE rate	CSNPrat	FSNPrat
0	2429285	2363998	65287	10901	3019	3019	54386	0.0224	0.0045	0.0230	0.0039	0.0012
1	2429285	2338067	91218	21659	4604	1585	69559	0.0286	0.0089	0.0296	0.0080	0.0007
2	2429285	2373274	56011	21070	3266	1681	34941	0.0144	0.0087	0.0151	0.0080	0.0007
3	2429285	2359737	69548	21408	4178	2497	48140	0.0198	0.0088	0.0207	0.0080	0.0010
4	2429285	2355789	73496	20880	3446	949	52616	0.0217	0.0086	0.0224	0.0079	0.0004
5	2429285	2380633	48652	19858	2152	1203	28794	0.0119	0.0082	0.0123	0.0077	0.0005
6	2429285	2352904	76381	19562	2030	827	56819	0.0234	0.0081	0.0238	0.0076	0.0003
7	2429285	2392774	36511	18380	1213	386	18131	0.0075	0.0076	0.0077	0.0073	0.0002
8	2429285	2392106	37179	18265	777	391	18914	0.0078	0.0075	0.0079	0.0074	0.0002
9	2429285	2391108	38177	18502	773	382	19675	0.0081	0.0076	0.0083	0.0075	0.0002
10	2429285	2386058	43227	18367	994	612	24860	0.0102	0.0076	0.0104	0.0074	0.0003
11	2429285	2374189	55096	17982	1115	503	37114	0.0153	0.0074	0.0155	0.0072	0.0002
12	2429285	2389366	39919	17429	934	431	22490	0.0093	0.0072	0.0095	0.0070	0.0002
13	2429285	2386939	42346	17411	849	418	24935	0.0103	0.0072	0.0104	0.0070	0.0002
14	2429285	2391225	38060	17019	814	396	21041	0.0087	0.0070	0.0088	0.0068	0.0002
15	2429285	2380402	48883	17254	1077	681	31629	0.0130	0.0071	0.0132	0.0069	0.0003
16	2429285	2371967	57318	17835	1349	668	39483	0.0163	0.0073	0.0165	0.0071	0.0003
17	2429285	2377310	51975	17394	1336	668	34581	0.0142	0.0072	0.0145	0.0069	0.0003
18	2429285	2381486	47799	17401	1233	565	30398	0.0125	0.0072	0.0128	0.0069	0.0002
19	2429285	2379586	49699	17741	1260	695	31958	0.0132	0.0073	0.0134	0.0070	0.0003
20	2429285	2365869	63416	17806	1805	1110	45610	0.0188	0.0073	0.0191	0.0070	0.0005
21	2429285	2357333	71952	18256	2263	1153	53696	0.0221	0.0075	0.0226	0.0070	0.0005
22	2429285	2351710	77575	18805	2669	1516	58770	0.0242	0.0077	0.0247	0.0072	0.0006
23	2429285	2354448	74837	18897	2950	1434	55940	0.0230	0.0078	0.0236	0.0072	0.0006
24	2429285	2351265	78020	19398	3128	1694	58622	0.0241	0.0080	0.0248	0.0073	0.0007
25	2429285	2331071	98214	20322	4010	2316	77892	0.0321	0.0084	0.0329	0.0075	0.0010
26	2429285	2330245	99040	20965	5446	3130	78075	0.0321	0.0086	0.0333	0.0075	0.0013
27	2429285	2282217	147068	22849	8234	5104	124219	0.0511	0.0094	0.0528	0.0077	0.0021
28	2429285	2293662	135623	24097	9484	4380	111526	0.0459	0.0099	0.0479	0.0080	0.0018
29	2429285	2298396	130889	24720	9553	5173	106169	0.0437	0.0102	0.0457	0.0082	0.0021
30	2429285	2266904	162381	26153	11735	6562	136228	0.0561	0.0108	0.0585	0.0084	0.0027
31	2429285	2273837	155448	27343	15524	8962	128105	0.0527	0.0113	0.0559	0.0081	0.0037
32	2429285	2174419	254866	32603	24695	15733	222263	0.0915	0.0134	0.0966	0.0083	0.0065
33	2429285	2192241	237044	38769	32694	16961	198275	0.0816	0.0160	0.0883	0.0092	0.0070
34	2429285	2193002	236283	20189	16961	0	216094	0.0890	0.0083	0.0924	0.0048	0.0000
