Pos	Count	Matches	Mis	Valid	Inval	Inv St	Errors	E rate	SNPrate	CE rate	CSNPrat	FSNPrat
0	1423003	1386103	36900	6329	1558	1558	30571	0.0215	0.0044	0.0220	0.0039	0.0011
1	1423003	1370331	52672	12464	2502	944	40208	0.0283	0.0088	0.0291	0.0079	0.0007
2	1423003	1390251	32752	12298	1909	965	20454	0.0144	0.0086	0.0150	0.0080	0.0007
3	1423003	1381735	41268	12531	2409	1444	28737	0.0202	0.0088	0.0210	0.0080	0.0010
4	1423003	1381192	41811	12078	2009	565	29733	0.0209	0.0085	0.0216	0.0078	0.0004
5	1423003	1394756	28247	11465	1276	711	16782	0.0118	0.0081	0.0122	0.0076	0.0005
6	1423003	1378539	44464	11313	1221	510	33151	0.0233	0.0080	0.0237	0.0075	0.0004
7	1423003	1401114	21889	10752	768	258	11137	0.0078	0.0076	0.0081	0.0073	0.0002
8	1423003	1401088	21915	10629	477	219	11286	0.0079	0.0075	0.0081	0.0073	0.0002
9	1423003	1400797	22206	10860	444	225	11346	0.0080	0.0076	0.0081	0.0075	0.0002
10	1423003	1397486	25517	10840	591	366	14677	0.0103	0.0076	0.0105	0.0074	0.0003
11	1423003	1391283	31720	10486	656	290	21234	0.0149	0.0074	0.0152	0.0071	0.0002
12	1423003	1399406	23597	10084	585	295	13513	0.0095	0.0071	0.0097	0.0069	0.0002
13	1423003	1398071	24932	10055	519	224	14877	0.0105	0.0071	0.0106	0.0069	0.0002
14	1423003	1401079	21924	9838	460	236	12086	0.0085	0.0069	0.0087	0.0068	0.0002
15	1423003	1394115	28888	9969	668	432	18919	0.0133	0.0070	0.0135	0.0068	0.0003
16	1423003	1389544	33459	10386	844	412	23073	0.0162	0.0073	0.0165	0.0070	0.0003
17	1423003	1391780	31223	10256	806	394	20967	0.0147	0.0072	0.0150	0.0069	0.0003
18	1423003	1394297	28706	10311	746	352	18395	0.0129	0.0072	0.0132	0.0070	0.0002
19	1423003	1394214	28789	10334	771	419	18455	0.0130	0.0073	0.0132	0.0070	0.0003
20	1423003	1385720	37283	10243	1056	637	27040	0.0190	0.0072	0.0194	0.0068	0.0004
21	1423003	1381313	41690	10600	1373	736	31090	0.0218	0.0074	0.0223	0.0070	0.0005
22	1423003	1376262	46741	10940	1660	924	35801	0.0252	0.0077	0.0257	0.0071	0.0006
23	1423003	1378263	44740	10927	1771	847	33813	0.0238	0.0077	0.0244	0.0071	0.0006
24	1423003	1378081	44922	11232	1858	1011	33690	0.0237	0.0079	0.0243	0.0072	0.0007
25	1423003	1364832	58171	11941	2438	1427	46230	0.0325	0.0084	0.0333	0.0075	0.0010
26	1423003	1365162	57841	12389	3373	1946	45452	0.0319	0.0087	0.0331	0.0075	0.0014
27	1423003	1333739	89264	13615	5109	3163	75649	0.0532	0.0096	0.0550	0.0078	0.0022
28	1423003	1341471	81532	14420	5887	2724	67112	0.0472	0.0101	0.0492	0.0081	0.0019
29	1423003	1346676	76327	14389	5757	3033	61938	0.0435	0.0101	0.0455	0.0081	0.0021
30	1423003	1327049	95954	15159	6836	3803	80795	0.0568	0.0107	0.0592	0.0083	0.0027
31	1423003	1331897	91106	16243	9285	5482	74863	0.0526	0.0114	0.0559	0.0082	0.0039
32	1423003	1268827	154176	19672	15280	9798	134504	0.0945	0.0138	0.0999	0.0085	0.0069
33	1423003	1278961	144042	23338	19840	10042	120704	0.0848	0.0164	0.0918	0.0094	0.0071
34	1423003	1284177	138826	12064	10042	0	126762	0.0891	0.0085	0.0926	0.0049	0.0000
