Pos	Count	Matches	Mis	Valid	Inval	Inv St	Errors	E rate	SNPrate	CE rate	CSNPrat	FSNPrat
0	2156871	2099878	56993	9538	2579	2579	47455	0.0220	0.0044	0.0226	0.0038	0.0012
1	2156871	2076091	80780	18852	4108	1529	61928	0.0287	0.0087	0.0297	0.0078	0.0007
2	2156871	2107165	49706	18654	2968	1439	31052	0.0144	0.0086	0.0151	0.0080	0.0007
3	2156871	2095261	61610	18948	3578	2139	42662	0.0198	0.0088	0.0206	0.0080	0.0010
4	2156871	2092225	64646	18350	3022	883	46296	0.0215	0.0085	0.0222	0.0078	0.0004
5	2156871	2113846	43025	17653	1990	1107	25372	0.0118	0.0082	0.0122	0.0077	0.0005
6	2156871	2089498	67373	17421	1861	754	49952	0.0232	0.0081	0.0236	0.0076	0.0003
7	2156871	2124105	32766	16512	1058	304	16254	0.0075	0.0077	0.0078	0.0074	0.0001
8	2156871	2123828	33043	16383	595	291	16660	0.0077	0.0076	0.0079	0.0075	0.0001
9	2156871	2122959	33912	16505	593	302	17407	0.0081	0.0077	0.0082	0.0075	0.0001
10	2156871	2118471	38400	16212	847	545	22188	0.0103	0.0075	0.0105	0.0073	0.0003
11	2156871	2108277	48594	15762	1020	475	32832	0.0152	0.0073	0.0155	0.0071	0.0002
12	2156871	2121375	35496	15277	882	407	20219	0.0094	0.0071	0.0096	0.0069	0.0002
13	2156871	2119959	36912	15245	734	327	21667	0.0100	0.0071	0.0102	0.0069	0.0002
14	2156871	2123671	33200	14990	690	363	18210	0.0084	0.0069	0.0086	0.0068	0.0002
15	2156871	2113342	43529	15252	964	601	28277	0.0131	0.0071	0.0133	0.0068	0.0003
16	2156871	2105598	51273	15940	1241	640	35333	0.0164	0.0074	0.0167	0.0071	0.0003
17	2156871	2108738	48133	15659	1205	565	32474	0.0151	0.0073	0.0153	0.0070	0.0003
18	2156871	2113267	43604	15567	1076	511	28037	0.0130	0.0072	0.0132	0.0070	0.0002
19	2156871	2113274	43597	15574	1094	583	28023	0.0130	0.0072	0.0132	0.0070	0.0003
20	2156871	2100130	56741	15735	1518	935	41006	0.0190	0.0073	0.0194	0.0069	0.0004
21	2156871	2092793	64078	16246	2040	1105	47832	0.0222	0.0075	0.0226	0.0071	0.0005
22	2156871	2086040	70831	16664	2550	1445	54167	0.0251	0.0077	0.0257	0.0071	0.0007
23	2156871	2088148	68723	16863	2730	1285	51860	0.0240	0.0078	0.0247	0.0072	0.0006
24	2156871	2086130	70741	17232	2893	1608	53509	0.0248	0.0080	0.0255	0.0073	0.0007
25	2156871	2068502	88369	18203	3715	2107	70166	0.0325	0.0084	0.0334	0.0076	0.0010
26	2156871	2067847	89024	19110	4978	2871	69914	0.0324	0.0089	0.0336	0.0077	0.0013
27	2156871	2022082	134789	20773	7450	4579	114016	0.0529	0.0096	0.0546	0.0079	0.0021
28	2156871	2036248	120623	21506	8412	3833	99117	0.0460	0.0100	0.0479	0.0080	0.0018
29	2156871	2040900	115971	21600	8452	4619	94371	0.0438	0.0100	0.0457	0.0081	0.0021
30	2156871	2012495	144376	22809	10418	5799	121567	0.0564	0.0106	0.0588	0.0082	0.0027
31	2156871	2015992	140879	26436	13921	8122	114443	0.0531	0.0123	0.0563	0.0090	0.0038
32	2156871	1922684	234187	34397	22530	14408	199790	0.0926	0.0159	0.0979	0.0107	0.0067
33	2156871	1940317	216554	37831	29502	15094	178723	0.0829	0.0175	0.0897	0.0107	0.0070
34	2156871	1945573	211298	18129	15094	0	193169	0.0896	0.0084	0.0931	0.0049	0.0000
