Pos	Count	Matches	Mis	Valid	Inval	Inv St	Errors	E rate	SNPrate	CE rate	CSNPrat	FSNPrat
0	1232205	1200694	31511	5404	1377	1377	26107	0.0212	0.0044	0.0217	0.0038	0.0011
1	1232205	1186841	45364	10644	2240	863	34720	0.0282	0.0086	0.0291	0.0077	0.0007
2	1232205	1204033	28172	10414	1655	792	17758	0.0144	0.0085	0.0151	0.0078	0.0006
3	1232205	1196970	35235	10518	2039	1247	24717	0.0201	0.0085	0.0209	0.0077	0.0010
4	1232205	1196298	35907	10167	1730	483	25740	0.0209	0.0083	0.0216	0.0075	0.0004
5	1232205	1207749	24456	9606	1123	640	14850	0.0121	0.0078	0.0125	0.0073	0.0005
6	1232205	1194373	37832	9439	1045	405	28393	0.0230	0.0077	0.0235	0.0072	0.0003
7	1232205	1213370	18835	9139	610	205	9696	0.0079	0.0074	0.0081	0.0072	0.0002
8	1232205	1213100	19105	8982	393	188	10123	0.0082	0.0073	0.0084	0.0071	0.0002
9	1232205	1213191	19014	9051	393	205	9963	0.0081	0.0073	0.0082	0.0072	0.0002
10	1232205	1210108	22097	9139	544	339	12958	0.0105	0.0074	0.0107	0.0072	0.0003
11	1232205	1205030	27175	8864	610	271	18311	0.0149	0.0072	0.0151	0.0069	0.0002
12	1232205	1211509	20696	8527	498	227	12169	0.0099	0.0069	0.0101	0.0067	0.0002
13	1232205	1210641	21564	8540	431	204	13024	0.0106	0.0069	0.0107	0.0068	0.0002
14	1232205	1213511	18694	8278	396	192	10416	0.0085	0.0067	0.0086	0.0066	0.0002
15	1232205	1207125	25080	8440	534	342	16640	0.0135	0.0068	0.0137	0.0066	0.0003
16	1232205	1203255	28950	8868	699	357	20082	0.0163	0.0072	0.0166	0.0069	0.0003
17	1232205	1205158	27047	8683	695	338	18364	0.0149	0.0070	0.0152	0.0068	0.0003
18	1232205	1207434	24771	8675	695	357	16096	0.0131	0.0070	0.0133	0.0068	0.0003
19	1232205	1207278	24927	8877	680	323	16050	0.0130	0.0072	0.0133	0.0069	0.0003
20	1232205	1199732	32473	8764	864	541	23709	0.0192	0.0071	0.0196	0.0068	0.0004
21	1232205	1195872	36333	8957	1176	635	27376	0.0222	0.0073	0.0227	0.0068	0.0005
22	1232205	1191125	41080	9330	1451	816	31750	0.0258	0.0076	0.0264	0.0070	0.0007
23	1232205	1193117	39088	9261	1512	696	29827	0.0242	0.0075	0.0248	0.0069	0.0006
24	1232205	1193193	39012	9564	1638	942	29448	0.0239	0.0078	0.0246	0.0071	0.0008
25	1232205	1181222	50983	10219	2220	1278	40764	0.0331	0.0083	0.0340	0.0074	0.0010
26	1232205	1181808	50397	10610	3001	1723	39787	0.0323	0.0086	0.0335	0.0074	0.0014
27	1232205	1153803	78402	11804	4572	2849	66598	0.0540	0.0096	0.0559	0.0077	0.0023
28	1232205	1161116	71089	12414	5196	2347	58675	0.0476	0.0101	0.0497	0.0080	0.0019
29	1232205	1165688	66517	12225	4970	2623	54292	0.0441	0.0099	0.0461	0.0079	0.0021
30	1232205	1148261	83944	12994	5911	3288	70950	0.0576	0.0105	0.0600	0.0081	0.0027
31	1232205	1152785	79420	14070	8037	4749	65350	0.0530	0.0114	0.0563	0.0082	0.0039
32	1232205	1095686	136519	17227	13532	8783	119292	0.0968	0.0140	0.1023	0.0085	0.0071
33	1232205	1105726	126479	20299	17780	8997	106180	0.0862	0.0165	0.0934	0.0093	0.0073
34	1232205	1111113	121092	10401	8997	0	110691	0.0898	0.0084	0.0935	0.0048	0.0000
