Pos	Count	Matches	Mis	Valid	Inval	Inv St	Errors	E rate	SNPrate	CE rate	CSNPrat	FSNPrat
0	1324317	1290354	33963	5580	1528	1528	28383	0.0214	0.0042	0.0220	0.0036	0.0012
1	1324317	1275712	48605	10887	2377	849	37718	0.0285	0.0082	0.0294	0.0073	0.0006
2	1324317	1294969	29348	10623	1706	857	18725	0.0141	0.0080	0.0148	0.0074	0.0006
3	1324317	1287005	37312	11013	2099	1242	26299	0.0199	0.0083	0.0207	0.0075	0.0009
4	1324317	1285964	38353	10651	1749	507	27702	0.0209	0.0080	0.0216	0.0074	0.0004
5	1324317	1298524	25793	10015	1210	703	15778	0.0119	0.0076	0.0124	0.0071	0.0005
6	1324317	1283903	40414	9992	1173	470	30422	0.0230	0.0075	0.0234	0.0071	0.0004
7	1324317	1304616	19701	9602	663	193	10099	0.0076	0.0073	0.0079	0.0070	0.0001
8	1324317	1304340	19977	9349	401	208	10628	0.0080	0.0071	0.0082	0.0069	0.0002
9	1324317	1304329	19988	9278	411	203	10710	0.0081	0.0070	0.0082	0.0069	0.0002
10	1324317	1301330	22987	9338	553	350	13649	0.0103	0.0071	0.0105	0.0068	0.0003
11	1324317	1295085	29232	9147	610	260	20085	0.0152	0.0069	0.0154	0.0067	0.0002
12	1324317	1303139	21178	8703	523	263	12475	0.0094	0.0066	0.0096	0.0064	0.0002
13	1324317	1301759	22558	8806	446	183	13752	0.0104	0.0066	0.0106	0.0065	0.0001
14	1324317	1304525	19792	8771	386	203	11021	0.0083	0.0066	0.0085	0.0065	0.0002
15	1324317	1297603	26714	8890	589	386	17824	0.0135	0.0067	0.0137	0.0065	0.0003
16	1324317	1293848	30469	9214	762	376	21255	0.0160	0.0070	0.0163	0.0067	0.0003
17	1324317	1295815	28502	9132	711	335	19370	0.0146	0.0069	0.0149	0.0066	0.0003
18	1324317	1298242	26075	9072	643	308	17003	0.0128	0.0069	0.0131	0.0066	0.0002
19	1324317	1298260	26057	8997	682	374	17060	0.0129	0.0068	0.0131	0.0065	0.0003
20	1324317	1289887	34430	9128	991	617	25302	0.0191	0.0069	0.0195	0.0065	0.0005
21	1324317	1285213	39104	9474	1294	677	29630	0.0224	0.0072	0.0229	0.0067	0.0005
22	1324317	1280749	43568	10296	1521	844	33272	0.0251	0.0078	0.0257	0.0072	0.0006
23	1324317	1282293	42024	10340	1636	792	31684	0.0239	0.0078	0.0245	0.0072	0.0006
24	1324317	1282604	41713	10151	1759	967	31562	0.0238	0.0077	0.0245	0.0070	0.0007
25	1324317	1270080	54237	11268	2319	1352	42969	0.0324	0.0085	0.0333	0.0076	0.0010
26	1324317	1270668	53649	11825	3093	1741	41824	0.0316	0.0089	0.0327	0.0078	0.0013
27	1324317	1241444	82873	12465	4692	2951	70408	0.0532	0.0094	0.0549	0.0076	0.0022
28	1324317	1249760	74557	12784	5383	2432	61773	0.0466	0.0097	0.0487	0.0076	0.0018
29	1324317	1253791	70526	12874	5194	2762	57652	0.0435	0.0097	0.0455	0.0078	0.0021
30	1324317	1234076	90241	13704	6335	3573	76537	0.0578	0.0103	0.0602	0.0080	0.0027
31	1324317	1240507	83810	14377	8505	4932	69433	0.0524	0.0109	0.0556	0.0076	0.0037
32	1324317	1182184	142133	17466	13992	9060	124667	0.0941	0.0132	0.0994	0.0079	0.0068
33	1324317	1192051	132266	20837	18464	9404	111429	0.0841	0.0157	0.0911	0.0088	0.0071
34	1324317	1196014	128303	10755	9404	0	117548	0.0888	0.0081	0.0923	0.0046	0.0000
