Pos	Count	Matches	Mis	Valid	Inval	Inv St	Errors	E rate	SNPrate	CE rate	CSNPrat	FSNPrat
0	1693908	1650379	43529	6608	2038	2038	36921	0.0218	0.0039	0.0224	0.0033	0.0012
1	1693908	1631789	62119	13080	3162	1124	49039	0.0290	0.0077	0.0299	0.0068	0.0007
2	1693908	1657081	36827	12805	2285	1161	24022	0.0142	0.0076	0.0149	0.0069	0.0007
3	1693908	1647067	46841	13132	2831	1670	33709	0.0199	0.0078	0.0207	0.0069	0.0010
4	1693908	1645368	48540	12670	2349	679	35870	0.0212	0.0075	0.0219	0.0068	0.0004
5	1693908	1662188	31720	11950	1526	847	19770	0.0117	0.0071	0.0121	0.0066	0.0005
6	1693908	1642612	51296	11825	1442	595	39471	0.0233	0.0070	0.0237	0.0066	0.0004
7	1693908	1670105	23803	10913	831	236	12890	0.0076	0.0064	0.0079	0.0062	0.0001
8	1693908	1670088	23820	10510	518	282	13310	0.0079	0.0062	0.0080	0.0061	0.0002
9	1693908	1669391	24517	10709	578	296	13808	0.0082	0.0063	0.0083	0.0062	0.0002
10	1693908	1665733	28175	10953	738	442	17222	0.0102	0.0065	0.0104	0.0062	0.0003
11	1693908	1657545	36363	10627	805	363	25736	0.0152	0.0063	0.0154	0.0060	0.0002
12	1693908	1667950	25958	10018	693	330	15940	0.0094	0.0059	0.0096	0.0057	0.0002
13	1693908	1666493	27415	10058	625	295	17357	0.0102	0.0059	0.0104	0.0058	0.0002
14	1693908	1669732	24176	9954	571	276	14222	0.0084	0.0059	0.0086	0.0057	0.0002
15	1693908	1661291	32617	10356	726	450	22261	0.0131	0.0061	0.0134	0.0059	0.0003
16	1693908	1655612	38296	10803	918	468	27493	0.0162	0.0064	0.0165	0.0061	0.0003
17	1693908	1659474	34434	10406	911	443	24028	0.0142	0.0061	0.0145	0.0059	0.0003
18	1693908	1661959	31949	10387	875	432	21562	0.0127	0.0061	0.0130	0.0059	0.0003
19	1693908	1661588	32320	10424	919	487	21896	0.0129	0.0062	0.0132	0.0059	0.0003
20	1693908	1651399	42509	10490	1273	786	32019	0.0189	0.0062	0.0193	0.0058	0.0005
21	1693908	1645869	48039	11015	1652	866	37024	0.0219	0.0065	0.0223	0.0060	0.0005
22	1693908	1640535	53373	11213	1919	1053	42160	0.0249	0.0066	0.0255	0.0061	0.0006
23	1693908	1643199	50709	11167	2088	1035	39542	0.0233	0.0066	0.0240	0.0060	0.0006
24	1693908	1641724	52184	11593	2273	1238	40591	0.0240	0.0068	0.0246	0.0062	0.0007
25	1693908	1627209	66699	12489	2901	1663	54210	0.0320	0.0074	0.0329	0.0065	0.0010
26	1693908	1626796	67112	13217	3941	2278	53895	0.0318	0.0078	0.0330	0.0066	0.0013
27	1693908	1590958	102950	14527	5898	3620	88423	0.0522	0.0086	0.0539	0.0068	0.0021
28	1693908	1601129	92779	15152	6660	3040	77627	0.0458	0.0089	0.0478	0.0070	0.0018
29	1693908	1605101	88807	15181	6657	3617	73626	0.0435	0.0090	0.0454	0.0070	0.0021
30	1693908	1582139	111769	16150	8208	4591	95619	0.0564	0.0095	0.0589	0.0071	0.0027
31	1693908	1587839	106069	17399	10945	6354	88670	0.0523	0.0103	0.0556	0.0070	0.0038
32	1693908	1514528	179380	21523	17719	11365	157857	0.0932	0.0127	0.0984	0.0075	0.0067
33	1693908	1527224	166684	25974	23175	11810	140710	0.0831	0.0153	0.0899	0.0085	0.0070
34	1693908	1530678	163230	13536	11810	0	149694	0.0884	0.0080	0.0919	0.0045	0.0000
