Pos	Count	Matches	Mis	Valid	Inval	Inv St	Errors	E rate	SNPrate	CE rate	CSNPrat	FSNPrat
0	23020	22432	588	112	27	27	476	0.0207	0.0049	0.0212	0.0043	0.0012
1	23020	22060	960	279	38	11	681	0.0296	0.0121	0.0304	0.0113	0.0005
2	23020	22342	678	320	26	15	358	0.0156	0.0139	0.0161	0.0133	0.0007
3	23020	22182	838	304	32	17	534	0.0232	0.0132	0.0239	0.0125	0.0007
4	23020	22263	757	279	30	13	478	0.0208	0.0121	0.0214	0.0115	0.0006
5	23020	22450	570	258	31	18	312	0.0136	0.0112	0.0142	0.0106	0.0008
6	23020	22170	850	288	26	8	562	0.0244	0.0125	0.0250	0.0119	0.0003
7	23020	22537	483	271	14	6	212	0.0092	0.0118	0.0095	0.0115	0.0003
8	23020	22560	460	241	10	4	219	0.0095	0.0105	0.0097	0.0103	0.0002
9	23020	22544	476	263	8	4	213	0.0093	0.0114	0.0094	0.0113	0.0002
10	23020	22467	553	280	9	5	273	0.0119	0.0122	0.0120	0.0120	0.0002
11	23020	22416	604	259	10	5	345	0.0150	0.0113	0.0152	0.0110	0.0002
12	23020	22518	502	239	11	6	263	0.0114	0.0104	0.0116	0.0102	0.0003
13	23020	22485	535	244	11	5	291	0.0126	0.0106	0.0129	0.0104	0.0002
14	23020	22593	427	229	11	6	198	0.0086	0.0099	0.0088	0.0097	0.0003
15	23020	22449	571	230	15	9	341	0.0148	0.0100	0.0151	0.0097	0.0004
16	23020	22338	682	249	19	10	433	0.0188	0.0108	0.0192	0.0104	0.0004
17	23020	22383	637	261	22	12	376	0.0163	0.0113	0.0168	0.0109	0.0005
18	23020	22380	640	265	19	7	375	0.0163	0.0115	0.0167	0.0111	0.0003
19	23020	22411	609	248	16	9	361	0.0157	0.0108	0.0160	0.0104	0.0004
20	23020	22288	732	253	23	14	479	0.0208	0.0110	0.0213	0.0105	0.0006
21	23020	22241	779	274	27	13	505	0.0219	0.0119	0.0225	0.0113	0.0006
22	23020	22054	966	249	36	23	717	0.0311	0.0108	0.0319	0.0100	0.0010
23	23020	22144	876	259	45	22	617	0.0268	0.0113	0.0278	0.0103	0.0010
24	23020	22162	858	261	52	30	597	0.0259	0.0113	0.0271	0.0102	0.0013
25	23020	21931	1089	249	68	38	840	0.0365	0.0108	0.0380	0.0093	0.0017
26	23020	21968	1052	256	82	44	796	0.0346	0.0111	0.0364	0.0093	0.0019
27	23020	21304	1716	308	118	74	1408	0.0612	0.0134	0.0637	0.0108	0.0032
28	23020	21364	1656	356	136	62	1300	0.0565	0.0155	0.0594	0.0125	0.0027
29	23020	21507	1513	365	118	56	1148	0.0499	0.0159	0.0524	0.0133	0.0024
30	23020	21107	1913	372	135	79	1541	0.0669	0.0162	0.0699	0.0132	0.0034
31	23020	21375	1645	358	169	90	1287	0.0559	0.0156	0.0596	0.0119	0.0039
32	23020	20090	2930	396	318	228	2534	0.1101	0.0172	0.1170	0.0103	0.0099
33	23020	20184	2836	465	421	193	2371	0.1030	0.0202	0.1121	0.0111	0.0084
34	23020	20474	2546	250	193	0	2296	0.0997	0.0109	0.1039	0.0067	0.0000
