Pos	Count	Matches	Mis	Valid	Inval	Inv St	Errors	E rate	SNPrate	CE rate	CSNPrat	FSNPrat
0	668295	651414	16881	3000	785	785	13881	0.0208	0.0045	0.0214	0.0039	0.0012
1	668295	643110	25185	6371	1229	444	18814	0.0282	0.0095	0.0291	0.0086	0.0007
2	668295	652095	16200	6419	893	449	9781	0.0146	0.0096	0.0153	0.0089	0.0007
3	668295	648276	20019	6345	1077	628	13674	0.0205	0.0095	0.0213	0.0087	0.0009
4	668295	648399	19896	6224	924	296	13672	0.0205	0.0093	0.0211	0.0086	0.0004
5	668295	654236	14059	5978	629	333	8081	0.0121	0.0089	0.0126	0.0085	0.0005
6	668295	647271	21024	5940	555	222	15084	0.0226	0.0089	0.0230	0.0085	0.0003
7	668295	657157	11138	5662	331	109	5476	0.0082	0.0085	0.0084	0.0082	0.0002
8	668295	656952	11343	5616	214	105	5727	0.0086	0.0084	0.0087	0.0082	0.0002
9	668295	657294	11001	5646	205	100	5355	0.0080	0.0084	0.0082	0.0083	0.0001
10	668295	655573	12722	5552	284	184	7170	0.0107	0.0083	0.0109	0.0081	0.0003
11	668295	652855	15440	5295	325	141	10145	0.0152	0.0079	0.0154	0.0077	0.0002
12	668295	656489	11806	5135	272	131	6671	0.0100	0.0077	0.0102	0.0075	0.0002
13	668295	655888	12407	5208	227	96	7199	0.0108	0.0078	0.0109	0.0076	0.0001
14	668295	657520	10775	5088	202	106	5687	0.0085	0.0076	0.0087	0.0075	0.0002
15	668295	654033	14262	5087	312	206	9175	0.0137	0.0076	0.0140	0.0074	0.0003
16	668295	652083	16212	5368	398	192	10844	0.0162	0.0080	0.0165	0.0077	0.0003
17	668295	652776	15519	5320	394	202	10199	0.0153	0.0080	0.0156	0.0077	0.0003
18	668295	654008	14287	5267	374	172	9020	0.0135	0.0079	0.0138	0.0076	0.0003
19	668295	654493	13802	5270	360	188	8532	0.0128	0.0079	0.0130	0.0076	0.0003
20	668295	650144	18151	5138	510	322	13013	0.0195	0.0077	0.0199	0.0073	0.0005
21	668295	648410	19885	5352	672	350	14533	0.0217	0.0080	0.0222	0.0075	0.0005
22	668295	644808	23487	5597	793	443	17890	0.0268	0.0084	0.0274	0.0078	0.0007
23	668295	646255	22040	5565	878	435	16475	0.0247	0.0083	0.0253	0.0077	0.0007
24	668295	646597	21698	5732	955	520	15966	0.0239	0.0086	0.0246	0.0079	0.0008
25	668295	639454	28841	6116	1220	700	22725	0.0340	0.0092	0.0349	0.0082	0.0010
26	668295	640527	27768	6347	1656	956	21421	0.0321	0.0095	0.0333	0.0083	0.0014
27	668295	623928	44367	6942	2565	1609	37425	0.0560	0.0104	0.0579	0.0085	0.0024
28	668295	628233	40062	7220	2886	1277	32842	0.0491	0.0108	0.0513	0.0086	0.0019
29	668295	631359	36936	7153	2780	1503	29783	0.0446	0.0107	0.0466	0.0086	0.0022
30	668295	621297	46998	7506	3385	1882	39492	0.0591	0.0112	0.0616	0.0087	0.0028
31	668295	624394	43901	8102	4484	2602	35799	0.0536	0.0121	0.0569	0.0088	0.0039
32	668295	591826	76469	9999	7448	4846	66470	0.0995	0.0150	0.1050	0.0094	0.0073
33	668295	597802	70493	11665	9826	4980	58828	0.0880	0.0175	0.0954	0.0101	0.0075
34	668295	601653	66642	5929	4980	0	60713	0.0908	0.0089	0.0946	0.0051	0.0000
