Pos	Count	Matches	Mis	Valid	Inval	Inv St	Errors	E rate	SNPrate	CE rate	CSNPrat	FSNPrat
0	464575	452648	11927	2128	557	557	9799	0.0211	0.0046	0.0217	0.0040	0.0012
1	464575	447104	17471	4189	880	323	13282	0.0286	0.0090	0.0295	0.0081	0.0007
2	464575	453614	10961	4075	647	324	6886	0.0148	0.0088	0.0155	0.0081	0.0007
3	464575	450798	13777	4256	763	439	9521	0.0205	0.0092	0.0213	0.0083	0.0009
4	464575	450482	14093	4181	642	203	9912	0.0213	0.0090	0.0220	0.0083	0.0004
5	464575	454831	9744	4013	427	224	5731	0.0123	0.0086	0.0128	0.0082	0.0005
6	464575	449919	14656	4031	394	170	10625	0.0229	0.0087	0.0233	0.0083	0.0004
7	464575	456934	7641	3760	251	81	3881	0.0084	0.0081	0.0086	0.0078	0.0002
8	464575	456877	7698	3677	150	69	4021	0.0087	0.0079	0.0088	0.0078	0.0001
9	464575	456978	7597	3697	154	85	3900	0.0084	0.0080	0.0086	0.0078	0.0002
10	464575	455864	8711	3661	185	100	5050	0.0109	0.0079	0.0111	0.0077	0.0002
11	464575	453772	10803	3681	225	125	7122	0.0153	0.0079	0.0156	0.0077	0.0003
12	464575	456298	8277	3590	214	89	4687	0.0101	0.0077	0.0103	0.0075	0.0002
13	464575	455989	8586	3557	172	83	5029	0.0108	0.0077	0.0110	0.0075	0.0002
14	464575	456944	7631	3544	150	67	4087	0.0088	0.0076	0.0090	0.0075	0.0001
15	464575	454621	9954	3478	200	133	6476	0.0139	0.0075	0.0142	0.0073	0.0003
16	464575	453152	11423	3572	258	125	7851	0.0169	0.0077	0.0172	0.0074	0.0003
17	464575	453988	10587	3541	261	136	7046	0.0152	0.0076	0.0154	0.0073	0.0003
18	464575	454494	10081	3555	250	114	6526	0.0140	0.0077	0.0143	0.0074	0.0002
19	464575	454920	9655	3570	259	145	6085	0.0131	0.0077	0.0134	0.0074	0.0003
20	464575	451926	12649	3497	347	202	9152	0.0197	0.0075	0.0201	0.0072	0.0004
21	464575	450473	14102	3636	426	224	10466	0.0225	0.0078	0.0230	0.0074	0.0005
22	464575	448470	16105	3698	559	335	12407	0.0267	0.0080	0.0273	0.0074	0.0007
23	464575	449194	15381	3728	649	314	11653	0.0251	0.0080	0.0258	0.0073	0.0007
24	464575	449442	15133	3852	665	351	11281	0.0243	0.0083	0.0250	0.0076	0.0008
25	464575	444845	19730	4056	846	495	15674	0.0337	0.0087	0.0346	0.0078	0.0011
26	464575	445231	19344	4257	1213	718	15087	0.0325	0.0092	0.0338	0.0079	0.0015
27	464575	433638	30937	4718	1855	1137	26219	0.0564	0.0102	0.0584	0.0082	0.0024
28	464575	436481	28094	4902	2021	884	23192	0.0499	0.0106	0.0521	0.0084	0.0019
29	464575	438861	25714	4798	1938	1054	20916	0.0450	0.0103	0.0471	0.0082	0.0023
30	464575	431708	32867	5009	2349	1295	27858	0.0600	0.0108	0.0625	0.0083	0.0028
31	464575	434293	30282	5369	3092	1797	24913	0.0536	0.0116	0.0570	0.0082	0.0039
32	464575	411337	53238	6697	5337	3540	46541	0.1002	0.0144	0.1059	0.0087	0.0076
33	464575	415268	49307	8085	7144	3604	41222	0.0887	0.0174	0.0964	0.0097	0.0078
34	464575	417667	46908	4206	3604	0	42702	0.0919	0.0091	0.0958	0.0052	0.0000
