Pos	Count	Matches	Mis	Valid	Inval	Inv St	Errors	E rate	SNPrate	CE rate	CSNPrat	FSNPrat
0	469038	457202	11836	2137	547	547	9699	0.0207	0.0046	0.0213	0.0040	0.0012
1	469038	451440	17598	4297	860	313	13301	0.0284	0.0092	0.0293	0.0082	0.0007
2	469038	457703	11335	4361	648	335	6974	0.0149	0.0093	0.0156	0.0086	0.0007
3	469038	454897	14141	4458	802	467	9683	0.0206	0.0095	0.0215	0.0086	0.0010
4	469038	455251	13787	4383	633	166	9404	0.0200	0.0093	0.0207	0.0087	0.0004
5	469038	459358	9680	4052	415	249	5628	0.0120	0.0086	0.0124	0.0082	0.0005
6	469038	454291	14747	3935	409	160	10812	0.0231	0.0084	0.0235	0.0080	0.0003
7	469038	461322	7716	3816	238	78	3900	0.0083	0.0081	0.0086	0.0079	0.0002
8	469038	461260	7778	3795	178	100	3983	0.0085	0.0081	0.0087	0.0079	0.0002
9	469038	461221	7817	3940	184	84	3877	0.0083	0.0084	0.0085	0.0082	0.0002
10	469038	460124	8914	3856	212	128	5058	0.0108	0.0082	0.0110	0.0080	0.0003
11	469038	458374	10664	3640	227	99	7024	0.0150	0.0078	0.0152	0.0075	0.0002
12	469038	461001	8037	3415	200	101	4622	0.0099	0.0073	0.0101	0.0071	0.0002
13	469038	460462	8576	3464	186	85	5112	0.0109	0.0074	0.0111	0.0072	0.0002
14	469038	461526	7512	3506	165	80	4006	0.0085	0.0075	0.0087	0.0073	0.0002
15	469038	458956	10082	3582	228	148	6500	0.0139	0.0076	0.0141	0.0074	0.0003
16	469038	457874	11164	3614	293	145	7550	0.0161	0.0077	0.0164	0.0074	0.0003
17	469038	458115	10923	3556	294	149	7367	0.0157	0.0076	0.0160	0.0073	0.0003
18	469038	458788	10250	3630	270	121	6620	0.0141	0.0077	0.0144	0.0075	0.0003
19	469038	459332	9706	3645	279	158	6061	0.0129	0.0078	0.0132	0.0075	0.0003
20	469038	456059	12979	3634	372	214	9345	0.0199	0.0077	0.0203	0.0074	0.0005
21	469038	454729	14309	3804	498	284	10505	0.0224	0.0081	0.0229	0.0076	0.0006
22	469038	452527	16511	3937	654	370	12574	0.0268	0.0084	0.0275	0.0077	0.0008
23	469038	453449	15589	3863	671	301	11726	0.0250	0.0082	0.0257	0.0075	0.0006
24	469038	453388	15650	3992	675	374	11658	0.0249	0.0085	0.0256	0.0078	0.0008
25	469038	448879	20159	4308	867	493	15851	0.0338	0.0092	0.0347	0.0083	0.0011
26	469038	449387	19651	4415	1160	667	15236	0.0325	0.0094	0.0337	0.0082	0.0014
27	469038	437788	31250	4809	1828	1161	26441	0.0564	0.0103	0.0583	0.0083	0.0025
28	469038	440930	28108	5008	2065	904	23100	0.0492	0.0107	0.0514	0.0085	0.0019
29	469038	443450	25588	4874	2008	1104	20714	0.0442	0.0104	0.0463	0.0083	0.0024
30	469038	436650	32388	5071	2344	1240	27317	0.0582	0.0108	0.0607	0.0083	0.0026
31	469038	438862	30176	5467	3047	1807	24709	0.0527	0.0117	0.0559	0.0084	0.0039
32	469038	415862	53176	6949	5167	3360	46227	0.0986	0.0148	0.1041	0.0093	0.0072
33	469038	419899	49139	8215	6739	3379	40924	0.0873	0.0175	0.0944	0.0103	0.0072
34	469038	422691	46347	4152	3379	0	42195	0.0900	0.0089	0.0936	0.0053	0.0000
