Pos	Count	Matches	Mis	Valid	Inval	Inv St	Errors	E rate	SNPrate	CE rate	CSNPrat	FSNPrat
0	594237	579342	14895	2653	660	660	12242	0.0206	0.0045	0.0212	0.0039	0.0011
1	594237	572009	22228	5316	1092	432	16912	0.0285	0.0089	0.0294	0.0080	0.0007
2	594237	580495	13742	5249	838	406	8493	0.0143	0.0088	0.0150	0.0081	0.0007
3	594237	576942	17295	5300	967	561	11995	0.0202	0.0089	0.0210	0.0081	0.0009
4	594237	577361	16876	5102	795	234	11774	0.0198	0.0086	0.0205	0.0079	0.0004
5	594237	582336	11901	4852	531	297	7049	0.0119	0.0082	0.0123	0.0077	0.0005
6	594237	575984	18253	4820	533	236	13433	0.0226	0.0081	0.0231	0.0077	0.0004
7	594237	584722	9515	4612	341	105	4903	0.0083	0.0078	0.0085	0.0075	0.0002
8	594237	584588	9649	4510	206	101	5139	0.0086	0.0076	0.0088	0.0074	0.0002
9	594237	584977	9260	4588	204	103	4672	0.0079	0.0077	0.0080	0.0075	0.0002
10	594237	583225	11012	4676	277	174	6336	0.0107	0.0079	0.0109	0.0076	0.0003
11	594237	580714	13523	4470	310	136	9053	0.0152	0.0075	0.0155	0.0073	0.0002
12	594237	583952	10285	4265	266	130	6020	0.0101	0.0072	0.0104	0.0070	0.0002
13	594237	583434	10803	4239	220	90	6564	0.0110	0.0071	0.0112	0.0069	0.0002
14	594237	585179	9058	4098	182	92	4960	0.0083	0.0069	0.0085	0.0067	0.0002
15	594237	581878	12359	4230	268	176	8129	0.0137	0.0071	0.0139	0.0069	0.0003
16	594237	580138	14099	4506	360	184	9593	0.0161	0.0076	0.0164	0.0073	0.0003
17	594237	580552	13685	4353	377	193	9332	0.0157	0.0073	0.0160	0.0070	0.0003
18	594237	581566	12671	4355	369	176	8316	0.0140	0.0073	0.0143	0.0070	0.0003
19	594237	582155	12082	4306	345	169	7776	0.0131	0.0072	0.0134	0.0070	0.0003
20	594237	578033	16204	4317	443	274	11887	0.0200	0.0073	0.0204	0.0069	0.0005
21	594237	576566	17671	4620	588	314	13051	0.0220	0.0078	0.0225	0.0073	0.0005
22	594237	573618	20619	4676	735	421	15943	0.0268	0.0079	0.0274	0.0073	0.0007
23	594237	574710	19527	4611	782	361	14916	0.0251	0.0078	0.0258	0.0071	0.0006
24	594237	575233	19004	4735	848	487	14269	0.0240	0.0080	0.0247	0.0073	0.0008
25	594237	568824	25413	5060	1097	610	20353	0.0343	0.0085	0.0352	0.0076	0.0010
26	594237	569609	24628	5465	1486	876	19163	0.0322	0.0092	0.0335	0.0079	0.0015
27	594237	553965	40272	6163	2468	1592	34109	0.0574	0.0104	0.0595	0.0083	0.0027
28	594237	558193	36044	6302	2765	1173	29742	0.0501	0.0106	0.0524	0.0083	0.0020
29	594237	561722	32515	6174	2486	1313	26341	0.0443	0.0104	0.0464	0.0083	0.0022
30	594237	552063	42174	6372	3003	1690	35802	0.0602	0.0107	0.0628	0.0082	0.0028
31	594237	555465	38772	6844	4138	2448	31928	0.0537	0.0115	0.0572	0.0080	0.0041
32	594237	524754	69483	8677	7330	4882	60806	0.1023	0.0146	0.1085	0.0084	0.0082
33	594237	529913	64324	10269	9452	4570	54055	0.0910	0.0173	0.0989	0.0093	0.0077
34	594237	534897	59340	5229	4570	0	54111	0.0911	0.0088	0.0949	0.0050	0.0000
