Pos	Count	Matches	Mis	Valid	Inval	Inv St	Errors	E rate	SNPrate	CE rate	CSNPrat	FSNPrat
0	516766	504151	12615	1321	576	576	11294	0.0219	0.0026	0.0224	0.0020	0.0011
1	516766	499431	17335	2583	917	341	14752	0.0285	0.0050	0.0294	0.0041	0.0007
2	516766	506893	9873	2433	687	346	7440	0.0144	0.0047	0.0151	0.0040	0.0007
3	516766	503849	12917	2479	843	497	10438	0.0202	0.0048	0.0210	0.0040	0.0010
4	516766	503442	13324	2331	690	193	10993	0.0213	0.0045	0.0219	0.0038	0.0004
5	516766	508670	8096	2079	428	235	6017	0.0116	0.0040	0.0121	0.0036	0.0005
6	516766	502977	13789	2043	396	161	11746	0.0227	0.0040	0.0231	0.0036	0.0003
7	516766	511007	5759	1902	228	67	3857	0.0075	0.0037	0.0077	0.0035	0.0001
8	516766	510785	5981	1786	138	71	4195	0.0081	0.0035	0.0083	0.0033	0.0001
9	516766	510708	6058	1771	143	72	4287	0.0083	0.0034	0.0084	0.0033	0.0001
10	516766	509553	7213	1857	181	109	5356	0.0104	0.0036	0.0105	0.0034	0.0002
11	516766	507054	9712	1848	222	113	7864	0.0152	0.0036	0.0154	0.0034	0.0002
12	516766	510180	6586	1718	207	94	4868	0.0094	0.0033	0.0096	0.0031	0.0002
13	516766	509812	6954	1715	170	76	5239	0.0101	0.0033	0.0103	0.0032	0.0001
14	516766	510563	6203	1766	165	89	4437	0.0086	0.0034	0.0087	0.0033	0.0002
15	516766	508156	8610	1799	211	122	6811	0.0132	0.0035	0.0134	0.0033	0.0002
16	516766	506434	10332	1806	254	132	8526	0.0165	0.0035	0.0167	0.0032	0.0003
17	516766	507450	9316	1759	270	138	7557	0.0146	0.0034	0.0149	0.0031	0.0003
18	516766	508342	8424	1738	266	128	6686	0.0129	0.0034	0.0132	0.0031	0.0002
19	516766	508047	8719	1733	252	124	6986	0.0135	0.0034	0.0138	0.0031	0.0002
20	516766	504960	11806	1795	335	211	10011	0.0194	0.0035	0.0197	0.0032	0.0004
21	516766	503359	13407	1945	426	215	11462	0.0222	0.0038	0.0226	0.0034	0.0004
22	516766	501485	15281	2147	539	324	13134	0.0254	0.0042	0.0259	0.0036	0.0006
23	516766	502104	14662	2179	659	335	12483	0.0242	0.0042	0.0248	0.0036	0.0006
24	516766	501807	14959	2210	697	362	12749	0.0247	0.0043	0.0253	0.0036	0.0007
25	516766	497259	19507	2417	866	504	17090	0.0331	0.0047	0.0339	0.0038	0.0010
26	516766	497530	19236	2608	1182	678	16628	0.0322	0.0050	0.0333	0.0039	0.0013
27	516766	485883	30883	3084	1803	1125	27799	0.0538	0.0060	0.0555	0.0042	0.0022
28	516766	488801	27965	3296	2064	939	24669	0.0477	0.0064	0.0497	0.0044	0.0018
29	516766	490320	26446	3325	2083	1144	23121	0.0447	0.0064	0.0468	0.0044	0.0022
30	516766	482788	33978	3742	2564	1420	30236	0.0585	0.0072	0.0610	0.0048	0.0027
31	516766	484925	31841	4094	3478	2058	27747	0.0537	0.0079	0.0571	0.0046	0.0040
32	516766	461909	54857	5380	5651	3593	49477	0.0957	0.0104	0.1012	0.0049	0.0070
33	516766	465793	50973	6857	7225	3632	44116	0.0854	0.0133	0.0924	0.0063	0.0070
34	516766	467577	49189	3592	3632	0	45597	0.0882	0.0070	0.0917	0.0034	0.0000
