Pos	Count	Matches	Mis	Valid	Inval	Inv St	Errors	E rate	SNPrate	CE rate	CSNPrat	FSNPrat
0	825857	804812	21045	3712	927	927	17333	0.0210	0.0045	0.0215	0.0039	0.0011
1	825857	794973	30884	7317	1490	563	23567	0.0285	0.0089	0.0294	0.0080	0.0007
2	825857	806744	19113	7248	1118	555	11865	0.0144	0.0088	0.0150	0.0081	0.0007
3	825857	801850	24007	7405	1359	804	16602	0.0201	0.0090	0.0209	0.0081	0.0010
4	825857	801482	24375	7118	1112	308	17257	0.0209	0.0086	0.0216	0.0079	0.0004
5	825857	809404	16453	6747	728	420	9706	0.0118	0.0082	0.0122	0.0077	0.0005
6	825857	800143	25714	6691	723	303	19023	0.0230	0.0081	0.0235	0.0077	0.0004
7	825857	812948	12909	6420	448	145	6489	0.0079	0.0078	0.0081	0.0075	0.0002
8	825857	812537	13320	6414	284	139	6906	0.0084	0.0078	0.0085	0.0076	0.0002
9	825857	812639	13218	6475	273	134	6743	0.0082	0.0078	0.0083	0.0077	0.0002
10	825857	810772	15085	6465	339	205	8620	0.0104	0.0078	0.0106	0.0076	0.0002
11	825857	807101	18756	6245	383	178	12511	0.0151	0.0076	0.0154	0.0073	0.0002
12	825857	811940	13917	5920	340	162	7997	0.0097	0.0072	0.0099	0.0070	0.0002
13	825857	811393	14464	5865	273	111	8599	0.0104	0.0071	0.0106	0.0069	0.0001
14	825857	813211	12646	5720	236	125	6926	0.0084	0.0069	0.0085	0.0068	0.0002
15	825857	809180	16677	5830	366	241	10847	0.0131	0.0071	0.0134	0.0068	0.0003
16	825857	806339	19518	6085	501	260	13433	0.0163	0.0074	0.0166	0.0071	0.0003
17	825857	807651	18206	6040	494	234	12166	0.0147	0.0073	0.0150	0.0070	0.0003
18	825857	808928	16929	5954	437	203	10975	0.0133	0.0072	0.0136	0.0069	0.0002
19	825857	809168	16689	6021	434	231	10668	0.0129	0.0073	0.0132	0.0070	0.0003
20	825857	803881	21976	6141	569	338	15835	0.0192	0.0074	0.0195	0.0071	0.0004
21	825857	801529	24328	6212	774	436	18116	0.0219	0.0075	0.0224	0.0071	0.0005
22	825857	798683	27174	6456	981	545	20718	0.0251	0.0078	0.0257	0.0072	0.0007
23	825857	799449	26408	6465	1051	506	19943	0.0241	0.0078	0.0248	0.0072	0.0006
24	825857	799719	26138	6613	1101	595	19525	0.0236	0.0080	0.0243	0.0073	0.0007
25	825857	792019	33838	7018	1464	869	26820	0.0325	0.0085	0.0334	0.0076	0.0011
26	825857	792427	33430	7212	2029	1160	26218	0.0317	0.0087	0.0330	0.0075	0.0014
27	825857	773032	52825	8085	3058	1898	44740	0.0542	0.0098	0.0560	0.0079	0.0023
28	825857	778558	47299	8391	3422	1524	38908	0.0471	0.0102	0.0492	0.0081	0.0018
29	825857	781570	44287	8288	3314	1790	35999	0.0436	0.0100	0.0456	0.0080	0.0022
30	825857	769707	56150	8712	3947	2157	47438	0.0574	0.0105	0.0598	0.0082	0.0026
31	825857	773163	52694	9163	5380	3223	43531	0.0527	0.0111	0.0560	0.0078	0.0039
32	825857	735270	90587	11368	9072	5849	79219	0.0959	0.0138	0.1014	0.0083	0.0071
33	825857	741592	84265	13707	11734	5885	70558	0.0854	0.0166	0.0925	0.0095	0.0071
34	825857	745619	80238	7083	5885	0	73155	0.0886	0.0086	0.0921	0.0050	0.0000
