Pos	Count	Matches	Mis	Valid	Inval	Inv St	Errors	E rate	SNPrate	CE rate	CSNPrat	FSNPrat
0	142185	138524	3661	804	191	191	2857	0.0201	0.0057	0.0208	0.0050	0.0013
1	142185	136317	5868	1720	295	104	4148	0.0292	0.0121	0.0302	0.0111	0.0007
2	142185	138105	4080	1833	198	94	2247	0.0158	0.0129	0.0165	0.0122	0.0007
3	142185	137526	4659	1752	234	140	2907	0.0204	0.0123	0.0213	0.0115	0.0010
4	142185	137656	4529	1644	200	60	2885	0.0203	0.0116	0.0210	0.0109	0.0004
5	142185	138800	3385	1597	143	83	1788	0.0126	0.0112	0.0131	0.0107	0.0006
6	142185	137397	4788	1584	141	58	3204	0.0225	0.0111	0.0230	0.0106	0.0004
7	142185	139347	2838	1553	82	24	1285	0.0090	0.0109	0.0093	0.0106	0.0002
8	142185	139326	2859	1519	48	24	1340	0.0094	0.0107	0.0096	0.0105	0.0002
9	142185	139493	2692	1504	42	18	1188	0.0084	0.0106	0.0085	0.0104	0.0001
10	142185	139097	3088	1547	61	43	1541	0.0108	0.0109	0.0110	0.0107	0.0003
11	142185	138564	3621	1534	81	38	2087	0.0147	0.0108	0.0150	0.0105	0.0003
12	142185	139289	2896	1428	64	26	1468	0.0103	0.0100	0.0105	0.0098	0.0002
13	142185	139104	3081	1488	55	29	1593	0.0112	0.0105	0.0114	0.0103	0.0002
14	142185	139411	2774	1528	48	19	1246	0.0088	0.0107	0.0089	0.0106	0.0001
15	142185	138763	3422	1432	62	43	1990	0.0140	0.0101	0.0142	0.0099	0.0003
16	142185	138405	3780	1456	90	47	2324	0.0163	0.0102	0.0167	0.0099	0.0003
17	142185	138480	3705	1468	87	40	2237	0.0157	0.0103	0.0160	0.0100	0.0003
18	142185	138717	3468	1472	83	43	1996	0.0140	0.0104	0.0143	0.0101	0.0003
19	142185	138838	3347	1496	85	42	1851	0.0130	0.0105	0.0133	0.0102	0.0003
20	142185	137863	4322	1415	133	91	2907	0.0204	0.0100	0.0209	0.0095	0.0006
21	142185	137494	4691	1466	180	89	3225	0.0227	0.0103	0.0233	0.0097	0.0006
22	142185	136710	5475	1555	187	98	3920	0.0276	0.0109	0.0282	0.0103	0.0007
23	142185	136965	5220	1508	217	119	3712	0.0261	0.0106	0.0269	0.0098	0.0008
24	142185	137014	5171	1581	245	126	3590	0.0252	0.0111	0.0261	0.0103	0.0009
25	142185	135342	6843	1692	303	177	5151	0.0362	0.0119	0.0373	0.0108	0.0012
26	142185	135598	6587	1850	418	241	4737	0.0333	0.0130	0.0348	0.0115	0.0017
27	142185	131750	10435	2047	634	393	8388	0.0590	0.0144	0.0612	0.0122	0.0028
28	142185	132680	9505	2035	678	285	7470	0.0525	0.0143	0.0549	0.0119	0.0020
29	142185	133473	8712	1992	610	325	6720	0.0473	0.0140	0.0494	0.0119	0.0023
30	142185	131387	10798	2060	772	447	8738	0.0615	0.0145	0.0642	0.0118	0.0031
31	142185	131940	10245	2289	1088	641	7956	0.0560	0.0161	0.0598	0.0123	0.0045
32	142185	124679	17506	2696	1815	1174	14810	0.1042	0.0190	0.1105	0.0126	0.0083
33	142185	125696	16489	3055	2330	1156	13434	0.0945	0.0215	0.1027	0.0133	0.0081
34	142185	127018	15167	1586	1156	0	13581	0.0955	0.0112	0.0996	0.0071	0.0000
