Pos	Count	Matches	Mis	Valid	Inval	Inv St	Errors	E rate	SNPrate	CE rate	CSNPrat	FSNPrat
0	770145	750795	19350	3598	902	902	15752	0.0205	0.0047	0.0210	0.0041	0.0012
1	770145	740995	29150	7298	1471	569	21852	0.0284	0.0095	0.0293	0.0085	0.0007
2	770145	751843	18302	7213	1100	531	11089	0.0144	0.0094	0.0151	0.0087	0.0007
3	770145	747608	22537	7157	1309	778	15380	0.0200	0.0093	0.0208	0.0084	0.0010
4	770145	747501	22644	6867	1076	298	15777	0.0205	0.0089	0.0212	0.0082	0.0004
5	770145	754686	15459	6554	708	410	8905	0.0116	0.0085	0.0120	0.0081	0.0005
6	770145	746320	23825	6649	673	263	17176	0.0223	0.0086	0.0227	0.0082	0.0003
7	770145	757536	12609	6423	403	140	6186	0.0080	0.0083	0.0083	0.0081	0.0002
8	770145	757318	12827	6470	263	123	6357	0.0083	0.0084	0.0084	0.0082	0.0002
9	770145	757633	12512	6447	237	114	6065	0.0079	0.0084	0.0080	0.0082	0.0001
10	770145	755713	14432	6326	329	215	8106	0.0105	0.0082	0.0107	0.0080	0.0003
11	770145	752597	17548	6175	378	163	11373	0.0148	0.0080	0.0150	0.0078	0.0002
12	770145	756690	13455	5911	312	149	7544	0.0098	0.0077	0.0100	0.0075	0.0002
13	770145	755975	14170	6039	268	119	8131	0.0106	0.0078	0.0107	0.0077	0.0002
14	770145	757681	12464	5991	262	143	6473	0.0084	0.0078	0.0086	0.0076	0.0002
15	770145	753885	16260	5911	350	207	10349	0.0134	0.0077	0.0137	0.0074	0.0003
16	770145	751692	18453	5899	401	194	12554	0.0163	0.0077	0.0166	0.0074	0.0003
17	770145	752682	17463	5917	414	220	11546	0.0150	0.0077	0.0153	0.0074	0.0003
18	770145	753746	16399	6051	415	195	10348	0.0134	0.0079	0.0137	0.0076	0.0003
19	770145	754194	15951	6023	436	241	9928	0.0129	0.0078	0.0132	0.0075	0.0003
20	770145	749072	21073	6003	608	367	15070	0.0196	0.0078	0.0200	0.0074	0.0005
21	770145	747269	22876	6141	804	437	16735	0.0217	0.0080	0.0223	0.0075	0.0006
22	770145	743615	26530	6361	980	543	20169	0.0262	0.0083	0.0268	0.0076	0.0007
23	770145	744979	25166	6393	1029	486	18773	0.0244	0.0083	0.0250	0.0076	0.0006
24	770145	745331	24814	6622	1051	565	18192	0.0236	0.0086	0.0243	0.0079	0.0007
25	770145	737605	32540	6973	1292	727	25567	0.0332	0.0091	0.0340	0.0082	0.0009
26	770145	738563	31582	7272	1794	1067	24310	0.0316	0.0094	0.0327	0.0083	0.0014
27	770145	719600	50545	8005	2923	1856	42540	0.0552	0.0104	0.0571	0.0085	0.0024
28	770145	724325	45820	8250	3377	1521	37570	0.0488	0.0107	0.0510	0.0085	0.0020
29	770145	727951	42194	8254	3172	1651	33940	0.0441	0.0107	0.0461	0.0087	0.0021
30	770145	716498	53647	8648	3789	2138	44999	0.0584	0.0112	0.0609	0.0088	0.0028
31	770145	720462	49683	9087	5193	3055	40596	0.0527	0.0118	0.0561	0.0084	0.0040
32	770145	682911	87234	11055	8703	5648	76179	0.0989	0.0144	0.1046	0.0087	0.0073
33	770145	689401	80744	13152	11316	5668	67592	0.0878	0.0171	0.0951	0.0097	0.0074
34	770145	693624	76521	6763	5668	0	69758	0.0906	0.0088	0.0943	0.0051	0.0000
