Pos	Count	Matches	Mis	Valid	Inval	Inv St	Errors	E rate	SNPrate	CE rate	CSNPrat	FSNPrat
0	15296268	14874342	421926	66535	18888	18888	355391	0.0232	0.0043	0.0239	0.0037	0.0012
1	15296268	14720953	575315	132267	29128	10240	443048	0.0290	0.0086	0.0299	0.0077	0.0007
2	15296268	14947040	349228	129402	20359	10119	219826	0.0144	0.0085	0.0150	0.0078	0.0007
3	15296268	14859698	436570	133330	26306	16187	303240	0.0198	0.0087	0.0207	0.0079	0.0011
4	15296268	14823515	472753	130378	22474	6287	342375	0.0224	0.0085	0.0231	0.0078	0.0004
5	15296268	14992863	303405	122344	13943	7656	181061	0.0118	0.0080	0.0123	0.0075	0.0005
6	15296268	14812091	484177	121706	12845	5189	362471	0.0237	0.0080	0.0241	0.0075	0.0003
7	15296268	15068509	227759	116375	7398	2209	111384	0.0073	0.0076	0.0075	0.0074	0.0001
8	15296268	15067591	228677	113526	4534	2325	115151	0.0075	0.0074	0.0077	0.0073	0.0002
9	15296268	15056047	240221	114008	4633	2308	126213	0.0083	0.0075	0.0084	0.0073	0.0002
10	15296268	15026242	270026	114834	6317	4009	155192	0.0101	0.0075	0.0104	0.0073	0.0003
11	15296268	14949518	346750	111751	7037	3028	234999	0.0154	0.0073	0.0156	0.0071	0.0002
12	15296268	15053762	242506	106832	5698	2670	135674	0.0089	0.0070	0.0091	0.0068	0.0002
13	15296268	15037888	258380	107356	5129	2459	151024	0.0099	0.0070	0.0100	0.0069	0.0002
14	15296268	15058376	237892	105257	4893	2434	132635	0.0087	0.0069	0.0088	0.0067	0.0002
15	15296268	14994075	302193	105672	6736	4302	196521	0.0128	0.0069	0.0131	0.0067	0.0003
16	15296268	14932279	363989	110296	8274	3972	253693	0.0166	0.0072	0.0169	0.0069	0.0003
17	15296268	14979922	316346	108667	7616	3644	207679	0.0136	0.0071	0.0138	0.0069	0.0002
18	15296268	15003841	292427	108365	7212	3568	184062	0.0120	0.0071	0.0123	0.0068	0.0002
19	15296268	14984339	311929	110184	7878	4310	201745	0.0132	0.0072	0.0134	0.0069	0.0003
20	15296268	14902706	393562	110599	10895	6585	282963	0.0185	0.0072	0.0189	0.0069	0.0004
21	15296268	14839761	456507	112943	13997	7412	343564	0.0225	0.0074	0.0229	0.0069	0.0005
22	15296268	14824857	471411	115450	15974	8562	355961	0.0233	0.0075	0.0238	0.0070	0.0006
23	15296268	14840327	455941	115734	17398	8836	340207	0.0222	0.0076	0.0228	0.0070	0.0006
24	15296268	14804777	491491	119834	19815	10979	371657	0.0243	0.0078	0.0249	0.0072	0.0007
25	15296268	14686678	609590	127174	26017	15038	482416	0.0315	0.0083	0.0324	0.0075	0.0010
26	15296268	14665274	630994	132609	34512	19474	498385	0.0326	0.0087	0.0337	0.0075	0.0013
27	15296268	14403856	892412	143312	49891	30417	749100	0.0490	0.0094	0.0506	0.0077	0.0020
28	15296268	14468088	828180	149115	57928	27511	679065	0.0444	0.0097	0.0463	0.0079	0.0018
29	15296268	14475692	820576	151945	59686	32175	668631	0.0437	0.0099	0.0457	0.0080	0.0021
30	15296268	14292197	1004071	161596	72852	40677	842475	0.0551	0.0106	0.0575	0.0082	0.0027
31	15296268	14305898	990370	171056	96099	55422	819314	0.0536	0.0112	0.0567	0.0080	0.0036
32	15296268	13744270	1551998	200457	149273	93851	1351541	0.0884	0.0131	0.0932	0.0082	0.0061
33	15296268	13838889	1457379	238520	197692	103841	1218859	0.0797	0.0156	0.0861	0.0091	0.0068
34	15296268	13812515	1483753	125847	103841	0	1357906	0.0888	0.0082	0.0922	0.0048	0.0000
