Pos	Count	Matches	Mis	Valid	Inval	Inv St	Errors	E rate	SNPrate	CE rate	CSNPrat	FSNPrat
0	12227699	11889279	338420	54419	15079	15079	284001	0.0232	0.0045	0.0238	0.0038	0.0012
1	12227699	11765984	461715	108769	23450	8371	352946	0.0289	0.0089	0.0298	0.0079	0.0007
2	12227699	11944967	282732	106725	16640	8269	176007	0.0144	0.0087	0.0151	0.0080	0.0007
3	12227699	11875952	351747	109195	20998	12729	242552	0.0198	0.0089	0.0207	0.0081	0.0010
4	12227699	11846919	380780	106932	17831	5102	273848	0.0224	0.0087	0.0231	0.0080	0.0004
5	12227699	11981563	246136	101867	11205	6103	144269	0.0118	0.0083	0.0123	0.0079	0.0005
6	12227699	11836419	391280	101284	10195	4092	289996	0.0237	0.0083	0.0241	0.0079	0.0003
7	12227699	12043668	184031	95813	5901	1809	88218	0.0072	0.0078	0.0075	0.0076	0.0001
8	12227699	12042119	185580	94173	3677	1868	91407	0.0075	0.0077	0.0076	0.0076	0.0002
9	12227699	12032367	195332	94412	3686	1818	100920	0.0083	0.0077	0.0084	0.0076	0.0001
10	12227699	12010055	217644	93965	4922	3104	123679	0.0101	0.0077	0.0103	0.0075	0.0003
11	12227699	11947439	280260	91587	5650	2546	188673	0.0154	0.0075	0.0157	0.0073	0.0002
12	12227699	12030543	197156	87903	4615	2069	109253	0.0089	0.0072	0.0091	0.0070	0.0002
13	12227699	12018668	209031	88535	4071	2002	120496	0.0099	0.0072	0.0100	0.0071	0.0002
14	12227699	12033971	193728	87778	3912	1910	105950	0.0087	0.0072	0.0088	0.0070	0.0002
15	12227699	11982190	245509	88520	5352	3442	156989	0.0128	0.0072	0.0131	0.0070	0.0003
16	12227699	11933667	294032	91549	6714	3272	202483	0.0166	0.0075	0.0168	0.0072	0.0003
17	12227699	11971412	256287	89795	6357	3085	166492	0.0136	0.0073	0.0139	0.0071	0.0003
18	12227699	11990075	237624	89317	5897	2812	148307	0.0121	0.0073	0.0124	0.0071	0.0002
19	12227699	11975102	252597	90621	6241	3429	161976	0.0132	0.0074	0.0135	0.0072	0.0003
20	12227699	11910045	317654	90844	8851	5422	226810	0.0185	0.0074	0.0189	0.0071	0.0004
21	12227699	11858918	368781	93561	11340	5918	275220	0.0225	0.0077	0.0230	0.0072	0.0005
22	12227699	11847710	379989	95342	12812	6894	284647	0.0233	0.0078	0.0238	0.0073	0.0006
23	12227699	11861099	366600	94917	13936	7042	271683	0.0222	0.0078	0.0228	0.0072	0.0006
24	12227699	11830115	397584	98921	15916	8874	298663	0.0244	0.0081	0.0251	0.0074	0.0007
25	12227699	11734796	492903	105301	20785	11911	387602	0.0317	0.0086	0.0325	0.0078	0.0010
26	12227699	11718500	509199	109228	27487	15576	399971	0.0327	0.0089	0.0338	0.0078	0.0013
27	12227699	11508504	719195	117414	40155	24579	601781	0.0492	0.0096	0.0509	0.0080	0.0020
28	12227699	11561197	666502	122242	46690	22111	544260	0.0445	0.0100	0.0464	0.0081	0.0018
29	12227699	11564507	663192	124805	48208	26097	538387	0.0440	0.0102	0.0460	0.0082	0.0021
30	12227699	11417893	809806	132574	59120	33023	677232	0.0554	0.0108	0.0578	0.0084	0.0027
31	12227699	11429880	797819	139708	77634	44611	658111	0.0538	0.0114	0.0570	0.0083	0.0036
32	12227699	10981036	1246663	163418	119552	74941	1083245	0.0886	0.0134	0.0935	0.0085	0.0061
33	12227699	11053519	1174180	194265	158293	83352	979915	0.0801	0.0159	0.0866	0.0094	0.0068
34	12227699	11032252	1195447	102471	83352	0	1092976	0.0894	0.0084	0.0928	0.0050	0.0000
