Pos	Count	Matches	Mis	Valid	Inval	Inv St	Errors	E rate	SNPrate	CE rate	CSNPrat	FSNPrat
0	8001672	7783449	218223	35159	9634	9634	183064	0.0229	0.0044	0.0235	0.0038	0.0012
1	8001672	7701880	299792	69639	15026	5392	230153	0.0288	0.0087	0.0297	0.0078	0.0007
2	8001672	7819162	182510	68034	10631	5239	114476	0.0143	0.0085	0.0150	0.0078	0.0007
3	8001672	7773056	228616	70001	13603	8364	158615	0.0198	0.0087	0.0207	0.0079	0.0010
4	8001672	7755726	245946	67764	11672	3308	178182	0.0223	0.0085	0.0230	0.0077	0.0004
5	8001672	7843576	158096	63608	7472	4164	94488	0.0118	0.0079	0.0123	0.0075	0.0005
6	8001672	7749019	252653	63592	6904	2740	189061	0.0236	0.0079	0.0241	0.0075	0.0003
7	8001672	7882261	119411	61131	3943	1203	58280	0.0073	0.0076	0.0075	0.0074	0.0002
8	8001672	7881554	120118	59719	2436	1233	60399	0.0075	0.0075	0.0077	0.0073	0.0002
9	8001672	7876352	125320	59767	2381	1148	65553	0.0082	0.0075	0.0083	0.0073	0.0001
10	8001672	7861092	140580	60088	3199	2051	80492	0.0101	0.0075	0.0103	0.0073	0.0003
11	8001672	7820905	180767	58088	3709	1658	122679	0.0153	0.0073	0.0156	0.0070	0.0002
12	8001672	7873933	127739	55806	3099	1441	71933	0.0090	0.0070	0.0092	0.0068	0.0002
13	8001672	7865881	135791	56159	2660	1219	79632	0.0100	0.0070	0.0101	0.0069	0.0002
14	8001672	7877591	124081	55271	2506	1287	68810	0.0086	0.0069	0.0088	0.0068	0.0002
15	8001672	7842374	159298	55876	3444	2157	103422	0.0129	0.0070	0.0131	0.0068	0.0003
16	8001672	7812245	189427	57918	4210	2053	131509	0.0164	0.0072	0.0167	0.0070	0.0003
17	8001672	7835402	166270	56798	4058	2005	109472	0.0137	0.0071	0.0139	0.0068	0.0003
18	8001672	7847689	153983	56348	3863	1858	97635	0.0122	0.0070	0.0124	0.0068	0.0002
19	8001672	7839686	161986	57137	4078	2220	104849	0.0131	0.0071	0.0134	0.0069	0.0003
20	8001672	7796116	205556	57596	5874	3654	147960	0.0185	0.0072	0.0189	0.0068	0.0005
21	8001672	7764372	237300	59335	7465	3811	177965	0.0222	0.0074	0.0227	0.0069	0.0005
22	8001672	7753835	247837	60468	8260	4449	187369	0.0234	0.0076	0.0239	0.0070	0.0006
23	8001672	7762255	239417	60572	9014	4565	178845	0.0224	0.0076	0.0229	0.0070	0.0006
24	8001672	7745460	256212	62714	10176	5611	193498	0.0242	0.0078	0.0248	0.0072	0.0007
25	8001672	7684692	316980	66498	13318	7707	250482	0.0313	0.0083	0.0321	0.0075	0.0010
26	8001672	7674283	327389	69362	18042	10335	258027	0.0322	0.0087	0.0334	0.0075	0.0013
27	8001672	7530017	471655	74584	26561	16226	397071	0.0496	0.0093	0.0513	0.0077	0.0020
28	8001672	7567120	434552	77867	30666	14440	356685	0.0446	0.0097	0.0465	0.0078	0.0018
29	8001672	7571696	429976	79535	31280	16840	350441	0.0438	0.0099	0.0458	0.0080	0.0021
30	8001672	7476606	525066	84105	37801	20961	440961	0.0551	0.0105	0.0575	0.0081	0.0026
31	8001672	7488678	512994	88816	50181	29220	424178	0.0530	0.0111	0.0561	0.0080	0.0037
32	8001672	7184801	816871	105190	78984	49764	711681	0.0889	0.0131	0.0939	0.0082	0.0062
33	8001672	7233587	768085	125489	104657	54893	642596	0.0803	0.0157	0.0868	0.0091	0.0069
34	8001672	7223839	777833	66032	54893	0	711801	0.0890	0.0083	0.0924	0.0048	0.0000
