Pos	Count	Matches	Mis	Valid	Inval	Inv St	Errors	E rate	SNPrate	CE rate	CSNPrat	FSNPrat
0	4677926	4549002	128924	22709	5719	5719	106215	0.0227	0.0049	0.0233	0.0042	0.0012
1	4677926	4498236	179690	45524	8896	3177	134166	0.0287	0.0097	0.0296	0.0088	0.0007
2	4677926	4565492	112434	45051	6271	3094	67383	0.0144	0.0096	0.0151	0.0090	0.0007
3	4677926	4539316	138610	45907	7860	4766	92703	0.0198	0.0098	0.0207	0.0090	0.0010
4	4677926	4530086	147840	44998	6658	1892	102842	0.0220	0.0096	0.0227	0.0089	0.0004
5	4677926	4579610	98316	43207	4242	2350	55109	0.0118	0.0092	0.0122	0.0088	0.0005
6	4677926	4525534	152392	42729	3913	1563	109663	0.0234	0.0091	0.0239	0.0087	0.0003
7	4677926	4603163	74763	40583	2254	691	34180	0.0073	0.0087	0.0075	0.0084	0.0001
8	4677926	4602565	75361	40059	1469	778	35302	0.0075	0.0086	0.0077	0.0084	0.0002
9	4677926	4598924	79002	40542	1496	718	38460	0.0082	0.0087	0.0084	0.0085	0.0002
10	4677926	4589707	88219	41021	1935	1217	47198	0.0101	0.0088	0.0103	0.0086	0.0003
11	4677926	4566875	111051	39669	2227	1010	71382	0.0153	0.0085	0.0155	0.0082	0.0002
12	4677926	4598873	79053	37367	1834	824	41686	0.0089	0.0080	0.0091	0.0078	0.0002
13	4677926	4594203	83723	37497	1528	704	46226	0.0099	0.0080	0.0100	0.0079	0.0002
14	4677926	4601173	76753	37226	1402	698	39527	0.0084	0.0080	0.0086	0.0078	0.0001
15	4677926	4580585	97341	37433	2021	1323	59908	0.0128	0.0080	0.0130	0.0078	0.0003
16	4677926	4563413	114513	38635	2592	1269	75878	0.0162	0.0083	0.0165	0.0080	0.0003
17	4677926	4575462	102464	38002	2413	1144	64462	0.0138	0.0081	0.0140	0.0079	0.0002
18	4677926	4583125	94801	37703	2196	1052	57098	0.0122	0.0081	0.0124	0.0078	0.0002
19	4677926	4578600	99326	38426	2405	1353	60900	0.0130	0.0082	0.0133	0.0080	0.0003
20	4677926	4552720	125206	38757	3455	2102	86449	0.0185	0.0083	0.0188	0.0079	0.0004
21	4677926	4535211	142715	39651	4375	2273	103064	0.0220	0.0085	0.0225	0.0080	0.0005
22	4677926	4527578	150348	40682	4952	2679	109666	0.0234	0.0087	0.0240	0.0082	0.0006
23	4677926	4532955	144971	40587	5362	2683	104384	0.0223	0.0087	0.0229	0.0081	0.0006
24	4677926	4524098	153828	41599	6025	3342	112229	0.0240	0.0089	0.0246	0.0082	0.0007
25	4677926	4487112	190814	43898	7795	4453	146916	0.0314	0.0094	0.0322	0.0086	0.0010
26	4677926	4482614	195312	45500	10540	6087	149812	0.0320	0.0097	0.0332	0.0086	0.0013
27	4677926	4397266	280660	48598	15664	9577	232062	0.0496	0.0104	0.0513	0.0087	0.0020
28	4677926	4419425	258501	50300	17857	8280	208201	0.0445	0.0108	0.0464	0.0088	0.0018
29	4677926	4424713	253213	50931	18067	9787	202282	0.0432	0.0109	0.0452	0.0090	0.0021
30	4677926	4367979	309947	53452	22056	12269	256495	0.0548	0.0114	0.0572	0.0091	0.0026
31	4677926	4374754	303172	56307	29284	17015	246865	0.0528	0.0120	0.0559	0.0089	0.0036
32	4677926	4194432	483494	65745	46592	29577	417749	0.0893	0.0141	0.0943	0.0091	0.0063
33	4677926	4224829	453097	77160	61460	31883	375937	0.0804	0.0165	0.0869	0.0099	0.0068
34	4677926	4222431	455495	40389	31883	0	415106	0.0887	0.0086	0.0921	0.0052	0.0000
