Pos	Count	Matches	Mis	Valid	Inval	Inv St	Errors	E rate	SNPrate	CE rate	CSNPrat	FSNPrat
0	5051214	4913470	137744	23091	6145	6145	114653	0.0227	0.0046	0.0233	0.0040	0.0012
1	5051214	4860437	190777	45833	9471	3326	144944	0.0287	0.0091	0.0296	0.0081	0.0007
2	5051214	4935239	115975	44903	6700	3374	71072	0.0141	0.0089	0.0147	0.0082	0.0007
3	5051214	4905940	145274	45766	8664	5290	99508	0.0197	0.0091	0.0206	0.0082	0.0010
4	5051214	4895958	155256	44588	7365	2075	110668	0.0219	0.0088	0.0226	0.0081	0.0004
5	5051214	4949319	101895	42415	4695	2620	59480	0.0118	0.0084	0.0122	0.0079	0.0005
6	5051214	4890846	160368	42034	4335	1715	118334	0.0234	0.0083	0.0239	0.0079	0.0003
7	5051214	4974219	76995	40141	2433	718	36854	0.0073	0.0079	0.0075	0.0077	0.0001
8	5051214	4973462	77752	39769	1475	757	37983	0.0075	0.0079	0.0077	0.0077	0.0001
9	5051214	4970147	81067	39903	1521	764	41164	0.0081	0.0079	0.0083	0.0077	0.0002
10	5051214	4960729	90485	39879	2011	1247	50606	0.0100	0.0079	0.0102	0.0077	0.0002
11	5051214	4935527	115687	38997	2250	1003	76690	0.0152	0.0077	0.0154	0.0075	0.0002
12	5051214	4968577	82637	37276	1850	847	45361	0.0090	0.0074	0.0092	0.0072	0.0002
13	5051214	4964272	86942	37342	1659	812	49600	0.0098	0.0074	0.0100	0.0072	0.0002
14	5051214	4971111	80103	36616	1586	774	43487	0.0086	0.0072	0.0088	0.0071	0.0002
15	5051214	4949141	102073	37295	2160	1386	64778	0.0128	0.0074	0.0130	0.0072	0.0003
16	5051214	4929677	121537	38708	2797	1411	82829	0.0164	0.0077	0.0167	0.0074	0.0003
17	5051214	4944156	107058	37677	2689	1278	69381	0.0137	0.0075	0.0140	0.0072	0.0003
18	5051214	4952272	98942	37552	2471	1193	61390	0.0122	0.0074	0.0124	0.0072	0.0002
19	5051214	4947353	103861	38136	2522	1329	65725	0.0130	0.0075	0.0133	0.0073	0.0003
20	5051214	4920002	131212	38182	3534	2205	93030	0.0184	0.0076	0.0188	0.0072	0.0004
21	5051214	4900758	150456	39190	4696	2491	111266	0.0220	0.0078	0.0225	0.0073	0.0005
22	5051214	4891779	159435	40149	5413	2922	119286	0.0236	0.0079	0.0242	0.0074	0.0006
23	5051214	4897924	153290	40075	5781	2859	113215	0.0224	0.0079	0.0230	0.0074	0.0006
24	5051214	4888213	163001	41414	6503	3644	121587	0.0241	0.0082	0.0247	0.0076	0.0007
25	5051214	4848479	202735	43611	8381	4737	159124	0.0315	0.0086	0.0323	0.0078	0.0009
26	5051214	4843116	208098	45579	11184	6447	162519	0.0322	0.0090	0.0333	0.0079	0.0013
27	5051214	4751536	299678	49426	16720	10273	250252	0.0495	0.0098	0.0512	0.0081	0.0020
28	5051214	4775444	275770	51042	19175	8902	224728	0.0445	0.0101	0.0464	0.0082	0.0018
29	5051214	4779706	271508	51656	19548	10646	219852	0.0435	0.0102	0.0455	0.0083	0.0021
30	5051214	4717753	333461	54661	23872	13226	278800	0.0552	0.0108	0.0576	0.0085	0.0026
31	5051214	4725633	325581	57477	31546	18320	268104	0.0531	0.0114	0.0562	0.0083	0.0036
32	5051214	4531425	519789	68054	49545	31225	451735	0.0894	0.0135	0.0943	0.0086	0.0062
33	5051214	4565305	485909	80646	65644	34419	405263	0.0802	0.0160	0.0867	0.0095	0.0068
34	5051214	4559689	491525	42089	34419	0	449436	0.0890	0.0083	0.0924	0.0049	0.0000
