Pos	Count	Matches	Mis	Valid	Inval	Inv St	Errors	E rate	SNPrate	CE rate	CSNPrat	FSNPrat
0	3959810	3852642	107168	17612	4735	4735	89556	0.0226	0.0044	0.0232	0.0038	0.0012
1	3959810	3811204	148606	34846	7418	2683	113760	0.0287	0.0088	0.0297	0.0079	0.0007
2	3959810	3869097	90713	34111	5275	2592	56602	0.0143	0.0086	0.0150	0.0079	0.0007
3	3959810	3847239	112571	34789	6471	3879	77782	0.0196	0.0088	0.0205	0.0080	0.0010
4	3959810	3839228	120582	33774	5479	1600	86808	0.0219	0.0085	0.0226	0.0078	0.0004
5	3959810	3881332	78478	32067	3545	1945	46411	0.0117	0.0081	0.0122	0.0077	0.0005
6	3959810	3834886	124924	31756	3371	1426	93168	0.0235	0.0080	0.0240	0.0076	0.0004
7	3959810	3900570	59240	30167	2002	576	29073	0.0073	0.0076	0.0076	0.0074	0.0001
8	3959810	3900504	59306	29750	1167	591	29556	0.0075	0.0075	0.0076	0.0074	0.0001
9	3959810	3897138	62672	30141	1166	575	32531	0.0082	0.0076	0.0084	0.0075	0.0001
10	3959810	3889982	69828	30247	1587	1012	39581	0.0100	0.0076	0.0102	0.0074	0.0003
11	3959810	3870401	89409	29447	1814	802	59962	0.0151	0.0074	0.0154	0.0072	0.0002
12	3959810	3895720	64090	28273	1516	714	35817	0.0090	0.0071	0.0092	0.0069	0.0002
13	3959810	3892205	67605	28310	1331	617	39295	0.0099	0.0071	0.0101	0.0070	0.0002
14	3959810	3898105	61705	27926	1263	646	33779	0.0085	0.0071	0.0087	0.0069	0.0002
15	3959810	3880517	79293	28543	1754	1108	50750	0.0128	0.0072	0.0130	0.0070	0.0003
16	3959810	3865469	94341	29433	2178	1070	64908	0.0164	0.0074	0.0167	0.0072	0.0003
17	3959810	3876317	83493	28361	2043	973	55132	0.0139	0.0072	0.0142	0.0069	0.0002
18	3959810	3882936	76874	28160	1865	892	48714	0.0123	0.0071	0.0125	0.0069	0.0002
19	3959810	3879713	80097	28595	1990	1098	51502	0.0130	0.0072	0.0133	0.0070	0.0003
20	3959810	3857142	102668	28762	2826	1728	73906	0.0187	0.0073	0.0190	0.0069	0.0004
21	3959810	3842005	117805	29693	3619	1891	88112	0.0223	0.0075	0.0227	0.0070	0.0005
22	3959810	3835304	124506	30366	4220	2329	94140	0.0238	0.0077	0.0243	0.0071	0.0006
23	3959810	3840650	119160	30214	4593	2264	88946	0.0225	0.0076	0.0230	0.0071	0.0006
24	3959810	3832673	127137	31517	5140	2876	95620	0.0241	0.0080	0.0248	0.0073	0.0007
25	3959810	3800370	159440	33444	6778	3902	125996	0.0318	0.0084	0.0327	0.0076	0.0010
26	3959810	3796824	162986	34553	9000	5098	128433	0.0324	0.0087	0.0336	0.0076	0.0013
27	3959810	3723810	236000	37409	13370	8272	198591	0.0502	0.0094	0.0518	0.0078	0.0021
28	3959810	3743430	216380	38985	15479	7207	177395	0.0448	0.0098	0.0468	0.0079	0.0018
29	3959810	3746032	213778	39635	15491	8284	174143	0.0440	0.0100	0.0459	0.0081	0.0021
30	3959810	3697425	262385	41999	18746	10462	220386	0.0557	0.0106	0.0580	0.0082	0.0026
31	3959810	3703383	256427	44582	24895	14433	211845	0.0535	0.0113	0.0566	0.0081	0.0036
32	3959810	3551123	408687	52845	39158	24725	355842	0.0899	0.0133	0.0948	0.0084	0.0062
33	3959810	3575921	383889	62717	52149	27424	321172	0.0811	0.0158	0.0877	0.0093	0.0069
34	3959810	3572904	386906	32891	27424	0	354015	0.0894	0.0083	0.0929	0.0048	0.0000
