Pos	Count	Matches	Mis	Valid	Inval	Inv St	Errors	E rate	SNPrate	CE rate	CSNPrat	FSNPrat
0	3168494	3082317	86177	15264	3811	3811	70913	0.0224	0.0048	0.0230	0.0042	0.0012
1	3168494	3047281	121213	30584	5956	2145	90629	0.0286	0.0097	0.0295	0.0087	0.0007
2	3168494	3092861	75633	30184	4284	2139	45449	0.0143	0.0095	0.0150	0.0089	0.0007
3	3168494	3075053	93441	30624	5419	3280	62817	0.0198	0.0097	0.0207	0.0088	0.0010
4	3168494	3070311	98183	29778	4542	1262	68405	0.0216	0.0094	0.0223	0.0087	0.0004
5	3168494	3102739	65755	28388	2856	1594	37367	0.0118	0.0090	0.0122	0.0085	0.0005
6	3168494	3066389	102105	28298	2717	1123	73807	0.0233	0.0089	0.0237	0.0085	0.0004
7	3168494	3117902	50592	27242	1619	496	23350	0.0074	0.0086	0.0076	0.0083	0.0002
8	3168494	3117266	51228	26695	979	483	24533	0.0077	0.0084	0.0079	0.0083	0.0002
9	3168494	3116355	52139	26713	951	468	25426	0.0080	0.0084	0.0082	0.0083	0.0001
10	3168494	3109134	59360	27022	1280	812	32338	0.0102	0.0085	0.0104	0.0083	0.0003
11	3168494	3094578	73916	26110	1477	665	47806	0.0151	0.0082	0.0153	0.0080	0.0002
12	3168494	3114352	54142	24867	1234	569	29275	0.0092	0.0078	0.0094	0.0077	0.0002
13	3168494	3111868	56626	25347	1049	480	31279	0.0099	0.0080	0.0100	0.0078	0.0002
14	3168494	3116256	52238	25279	974	494	26959	0.0085	0.0080	0.0087	0.0078	0.0002
15	3168494	3102342	66152	25226	1409	915	40926	0.0129	0.0080	0.0131	0.0077	0.0003
16	3168494	3091417	77077	25971	1774	859	51106	0.0161	0.0082	0.0164	0.0079	0.0003
17	3168494	3099225	69269	25432	1646	787	43837	0.0138	0.0080	0.0141	0.0078	0.0002
18	3168494	3103956	64538	25180	1535	748	39358	0.0124	0.0079	0.0127	0.0077	0.0002
19	3168494	3101854	66640	25663	1625	877	40977	0.0129	0.0081	0.0132	0.0078	0.0003
20	3168494	3083595	84899	25888	2239	1362	59011	0.0186	0.0082	0.0190	0.0078	0.0004
21	3168494	3072585	95909	26568	2956	1594	69341	0.0219	0.0084	0.0224	0.0079	0.0005
22	3168494	3066223	102271	27134	3501	1907	75137	0.0237	0.0086	0.0243	0.0080	0.0006
23	3168494	3069512	98982	27083	3799	1892	71899	0.0227	0.0085	0.0233	0.0079	0.0006
24	3168494	3065091	103403	27817	4296	2404	75586	0.0239	0.0088	0.0245	0.0081	0.0008
25	3168494	3038735	129759	29315	5531	3127	100444	0.0317	0.0093	0.0326	0.0084	0.0010
26	3168494	3036488	132006	30443	7288	4161	101563	0.0321	0.0096	0.0332	0.0085	0.0013
27	3168494	2977041	191453	32441	10696	6535	159012	0.0502	0.0102	0.0519	0.0086	0.0021
28	3168494	2992072	176422	33612	12225	5690	142810	0.0451	0.0106	0.0470	0.0087	0.0018
29	3168494	2997208	171286	34182	12305	6615	137104	0.0433	0.0108	0.0452	0.0088	0.0021
30	3168494	2956644	211850	35880	15037	8422	175970	0.0555	0.0113	0.0579	0.0090	0.0027
31	3168494	2964311	204183	37595	19928	11506	166588	0.0526	0.0119	0.0557	0.0087	0.0036
32	3168494	2837384	331110	44444	31631	20125	286666	0.0905	0.0140	0.0955	0.0090	0.0064
33	3168494	2857875	310619	52562	41880	21755	258057	0.0814	0.0166	0.0881	0.0100	0.0069
34	3168494	2859674	308820	27319	21755	0	281501	0.0888	0.0086	0.0923	0.0052	0.0000
