Pos	Count	Matches	Mis	Valid	Inval	Inv St	Errors	E rate	SNPrate	CE rate	CSNPrat	FSNPrat
0	2426799	2374164	52635	9430	2049	2049	43205	0.0178	0.0039	0.0182	0.0035	0.0008
1	2426799	2372510	54289	18594	2902	853	35695	0.0147	0.0077	0.0153	0.0071	0.0004
2	2426799	2389149	37650	17771	1671	818	19879	0.0082	0.0073	0.0085	0.0070	0.0003
3	2426799	2388536	38263	17009	1444	626	21254	0.0088	0.0070	0.0091	0.0067	0.0003
4	2426799	2388424	38375	16889	1359	733	21486	0.0089	0.0070	0.0091	0.0067	0.0003
5	2426799	2372255	54544	17598	2379	1646	36946	0.0152	0.0073	0.0157	0.0068	0.0007
6	2426799	2355992	70807	17446	2429	783	53361	0.0220	0.0072	0.0225	0.0067	0.0003
7	2426799	2392476	34323	16313	1119	336	18010	0.0074	0.0067	0.0077	0.0065	0.0001
8	2426799	2394089	32710	15844	699	363	16866	0.0069	0.0065	0.0071	0.0064	0.0001
9	2426799	2389059	37740	15966	879	516	21774	0.0090	0.0066	0.0092	0.0064	0.0002
10	2426799	2371555	55244	16503	1485	969	38741	0.0160	0.0068	0.0163	0.0065	0.0004
11	2426799	2369799	57000	15975	1653	684	41025	0.0169	0.0066	0.0172	0.0062	0.0003
12	2426799	2386658	40141	15005	1129	445	25136	0.0104	0.0062	0.0106	0.0060	0.0002
13	2426799	2388857	37942	15055	957	512	22887	0.0094	0.0062	0.0096	0.0060	0.0002
14	2426799	2381495	45304	15094	1172	660	30210	0.0124	0.0062	0.0127	0.0060	0.0003
15	2426799	2372234	54565	15473	1483	823	39092	0.0161	0.0064	0.0164	0.0061	0.0003
16	2426799	2368666	58133	15884	1506	683	42249	0.0174	0.0065	0.0177	0.0062	0.0003
17	2426799	2377407	49392	15391	1421	738	34001	0.0140	0.0063	0.0143	0.0060	0.0003
18	2426799	2375042	51757	15357	1425	687	36400	0.0150	0.0063	0.0153	0.0060	0.0003
19	2426799	2375205	51594	15729	1489	802	35865	0.0148	0.0065	0.0151	0.0062	0.0003
20	2426799	2359287	67512	15767	2018	1216	51745	0.0213	0.0065	0.0217	0.0061	0.0005
21	2426799	2354709	72090	16286	2602	1386	55804	0.0230	0.0067	0.0235	0.0062	0.0006
22	2426799	2344744	82055	16921	3061	1675	65134	0.0268	0.0070	0.0275	0.0063	0.0007
23	2426799	2352821	73978	16808	3112	1437	57170	0.0236	0.0069	0.0242	0.0063	0.0006
24	2426799	2348401	78398	17276	3222	1785	61122	0.0252	0.0071	0.0259	0.0065	0.0007
25	2426799	2329969	96830	18871	4489	2704	77959	0.0321	0.0078	0.0330	0.0069	0.0011
26	2426799	2312708	114091	19961	6081	3377	94130	0.0388	0.0082	0.0400	0.0070	0.0014
27	2426799	2299924	126875	20948	7775	4398	105927	0.0436	0.0086	0.0453	0.0070	0.0018
28	2426799	2294330	132469	21974	9260	4862	110495	0.0455	0.0091	0.0474	0.0071	0.0020
29	2426799	2285119	141680	23253	10921	6059	118427	0.0488	0.0096	0.0510	0.0073	0.0025
30	2426799	2261477	165322	25399	13639	7580	139923	0.0577	0.0105	0.0605	0.0077	0.0031
31	2426799	2258020	168779	26266	16109	8529	142513	0.0587	0.0108	0.0620	0.0075	0.0035
32	2426799	2200501	226298	29995	23010	14481	196303	0.0809	0.0124	0.0856	0.0076	0.0060
33	2426799	2192351	234448	36272	31557	17076	198176	0.0817	0.0149	0.0882	0.0084	0.0070
34	2426799	2187290	239509	19291	17076	0	220218	0.0907	0.0079	0.0943	0.0044	0.0000
