Pos	Count	Matches	Mis	Valid	Inval	Inv St	Errors	E rate	SNPrate	CE rate	CSNPrat	FSNPrat
0	2844764	2782034	62730	13072	2410	2410	49658	0.0175	0.0046	0.0179	0.0042	0.0008
1	2844764	2778001	66763	25958	3478	1068	40805	0.0143	0.0091	0.0150	0.0085	0.0004
2	2844764	2796208	48556	25222	2050	982	23334	0.0082	0.0089	0.0086	0.0085	0.0003
3	2844764	2795525	49239	24401	1686	704	24838	0.0087	0.0086	0.0090	0.0083	0.0002
4	2844764	2795723	49041	24083	1566	862	24958	0.0088	0.0085	0.0090	0.0082	0.0003
5	2844764	2777310	67454	24953	2800	1938	42501	0.0149	0.0088	0.0154	0.0083	0.0007
6	2844764	2758511	86253	25096	2880	942	61157	0.0215	0.0088	0.0220	0.0083	0.0003
7	2844764	2800265	44499	23487	1371	429	21012	0.0074	0.0083	0.0076	0.0080	0.0002
8	2844764	2802271	42493	22990	852	423	19503	0.0069	0.0081	0.0070	0.0079	0.0001
9	2844764	2796326	48438	23330	981	558	25108	0.0088	0.0082	0.0090	0.0080	0.0002
10	2844764	2777144	67620	23686	1647	1089	43934	0.0154	0.0083	0.0157	0.0080	0.0004
11	2844764	2774816	69948	22901	1868	779	47047	0.0165	0.0081	0.0169	0.0077	0.0003
12	2844764	2794075	50689	21712	1351	572	28977	0.0102	0.0076	0.0104	0.0074	0.0002
13	2844764	2796463	48301	22162	1096	524	26139	0.0092	0.0078	0.0094	0.0076	0.0002
14	2844764	2788107	56657	22068	1274	750	34589	0.0122	0.0078	0.0124	0.0075	0.0003
15	2844764	2777976	66788	22151	1660	910	44637	0.0157	0.0078	0.0160	0.0075	0.0003
16	2844764	2774185	70579	22639	1733	823	47940	0.0169	0.0080	0.0172	0.0077	0.0003
17	2844764	2783759	61005	21921	1714	891	39084	0.0137	0.0077	0.0140	0.0074	0.0003
18	2844764	2781235	63529	21943	1727	836	41586	0.0146	0.0077	0.0149	0.0074	0.0003
19	2844764	2781531	63233	22199	1793	957	41034	0.0144	0.0078	0.0147	0.0075	0.0003
20	2844764	2763814	80950	22253	2365	1408	58697	0.0206	0.0078	0.0210	0.0074	0.0005
21	2844764	2758435	86329	23087	2984	1576	63242	0.0222	0.0081	0.0228	0.0076	0.0006
22	2844764	2746817	97947	23664	3484	1908	74283	0.0261	0.0083	0.0267	0.0077	0.0007
23	2844764	2755586	89178	23436	3537	1629	65742	0.0231	0.0082	0.0237	0.0076	0.0006
24	2844764	2751009	93755	24008	3661	2032	69747	0.0245	0.0084	0.0252	0.0078	0.0007
25	2844764	2730525	114239	25726	5075	3043	88513	0.0311	0.0090	0.0320	0.0082	0.0011
26	2844764	2712395	132369	26676	6811	3768	105693	0.0372	0.0094	0.0384	0.0082	0.0013
27	2844764	2695842	148922	27707	8986	5218	121215	0.0426	0.0097	0.0442	0.0082	0.0018
28	2844764	2688866	155898	28870	10704	5486	127028	0.0447	0.0101	0.0465	0.0083	0.0019
29	2844764	2677480	167284	30453	12206	6720	136831	0.0481	0.0107	0.0502	0.0086	0.0024
30	2844764	2651821	192943	32972	15323	8603	159971	0.0562	0.0116	0.0589	0.0089	0.0030
31	2844764	2649310	195454	33627	18451	9848	161827	0.0569	0.0118	0.0601	0.0086	0.0035
32	2844764	2581853	262911	37277	26548	16700	225634	0.0793	0.0131	0.0840	0.0084	0.0059
33	2844764	2572953	271811	44653	36243	19543	227158	0.0799	0.0157	0.0862	0.0093	0.0069
34	2844764	2565633	279131	23921	19543	0	255210	0.0897	0.0084	0.0931	0.0050	0.0000
