Pos	Count	Matches	Mis	Valid	Inval	Inv St	Errors	E rate	SNPrate	CE rate	CSNPrat	FSNPrat
0	1814093	1775593	38500	7411	1529	1529	31089	0.0171	0.0041	0.0176	0.0037	0.0008
1	1814093	1774256	39837	14152	2178	649	25685	0.0142	0.0078	0.0148	0.0072	0.0004
2	1814093	1786211	27882	13332	1279	630	14550	0.0080	0.0073	0.0084	0.0070	0.0003
3	1814093	1785621	28472	12852	1056	426	15620	0.0086	0.0071	0.0089	0.0068	0.0002
4	1814093	1785916	28177	12572	940	514	15605	0.0086	0.0069	0.0089	0.0067	0.0003
5	1814093	1773756	40337	13332	1731	1217	27005	0.0149	0.0073	0.0154	0.0069	0.0007
6	1814093	1761704	52389	13678	1818	601	38711	0.0213	0.0075	0.0218	0.0070	0.0003
7	1814093	1788031	26062	12594	862	261	13468	0.0074	0.0069	0.0077	0.0067	0.0001
8	1814093	1789464	24629	12036	517	256	12593	0.0069	0.0066	0.0071	0.0065	0.0001
9	1814093	1785829	28264	12189	638	382	16075	0.0089	0.0067	0.0090	0.0065	0.0002
10	1814093	1773381	40712	12564	1057	675	28148	0.0155	0.0069	0.0158	0.0066	0.0004
11	1814093	1772249	41844	12283	1221	546	29561	0.0163	0.0068	0.0166	0.0064	0.0003
12	1814093	1783955	30138	11436	918	372	18702	0.0103	0.0063	0.0106	0.0061	0.0002
13	1814093	1785784	28309	11505	755	383	16804	0.0093	0.0063	0.0095	0.0061	0.0002
14	1814093	1780237	33856	11561	864	481	22295	0.0123	0.0064	0.0125	0.0061	0.0003
15	1814093	1774024	40069	11692	1094	613	28377	0.0156	0.0064	0.0159	0.0061	0.0003
16	1814093	1771952	42141	11968	1095	482	30173	0.0166	0.0066	0.0169	0.0063	0.0003
17	1814093	1777273	36820	11652	1015	533	25168	0.0139	0.0064	0.0142	0.0061	0.0003
18	1814093	1775556	38537	11637	1063	530	26900	0.0148	0.0064	0.0151	0.0061	0.0003
19	1814093	1775733	38360	11840	1111	581	26520	0.0146	0.0065	0.0149	0.0062	0.0003
20	1814093	1765006	49087	11817	1429	848	37270	0.0205	0.0065	0.0209	0.0061	0.0005
21	1814093	1762485	51608	12162	1843	995	39446	0.0217	0.0067	0.0223	0.0062	0.0005
22	1814093	1753416	60677	12600	2165	1170	48077	0.0265	0.0069	0.0271	0.0063	0.0006
23	1814093	1760015	54078	12433	2223	1053	41645	0.0230	0.0069	0.0236	0.0062	0.0006
24	1814093	1755799	58294	12841	2383	1330	45453	0.0251	0.0071	0.0257	0.0064	0.0007
25	1814093	1743601	70492	14091	3318	1988	56401	0.0311	0.0078	0.0320	0.0069	0.0011
26	1814093	1733084	81009	14671	4431	2443	66338	0.0366	0.0081	0.0378	0.0069	0.0013
27	1814093	1720246	93847	15396	5789	3346	78451	0.0432	0.0085	0.0448	0.0069	0.0018
28	1814093	1716877	97216	16191	6789	3443	81025	0.0447	0.0089	0.0465	0.0071	0.0019
29	1814093	1708264	105829	17085	7821	4378	88744	0.0489	0.0094	0.0511	0.0073	0.0024
30	1814093	1693769	120324	18444	9787	5409	101880	0.0562	0.0102	0.0589	0.0075	0.0030
31	1814093	1693936	120157	18899	11580	6171	101258	0.0558	0.0104	0.0590	0.0072	0.0034
32	1814093	1646508	167585	21858	17086	10915	145727	0.0803	0.0120	0.0850	0.0073	0.0060
33	1814093	1641130	172963	26658	23440	12525	146305	0.0806	0.0147	0.0871	0.0082	0.0069
34	1814093	1636953	177140	14198	12525	0	162942	0.0898	0.0078	0.0933	0.0044	0.0000
