Pos	Count	Matches	Mis	Valid	Inval	Inv St	Errors	E rate	SNPrate	CE rate	CSNPrat	FSNPrat
0	2316683	2265998	50685	10288	1968	1968	40397	0.0174	0.0044	0.0179	0.0040	0.0008
1	2316683	2263354	53329	20191	2782	814	33138	0.0143	0.0087	0.0149	0.0081	0.0004
2	2316683	2278055	38628	19576	1595	781	19052	0.0082	0.0085	0.0086	0.0081	0.0003
3	2316683	2277746	38937	18924	1387	606	20013	0.0086	0.0082	0.0089	0.0079	0.0003
4	2316683	2277705	38978	18610	1331	725	20368	0.0088	0.0080	0.0091	0.0077	0.0003
5	2316683	2262439	54244	19609	2306	1581	34635	0.0150	0.0085	0.0154	0.0080	0.0007
6	2316683	2247609	69074	19656	2274	693	49418	0.0213	0.0085	0.0218	0.0080	0.0003
7	2316683	2281272	35411	18170	1057	364	17241	0.0074	0.0078	0.0077	0.0076	0.0002
8	2316683	2282932	33751	17771	740	376	15980	0.0069	0.0077	0.0071	0.0075	0.0002
9	2316683	2277779	38904	18221	894	518	20683	0.0089	0.0079	0.0091	0.0077	0.0002
10	2316683	2261950	54733	18594	1430	912	36139	0.0156	0.0080	0.0159	0.0077	0.0004
11	2316683	2260999	55684	17891	1567	655	37793	0.0163	0.0077	0.0167	0.0074	0.0003
12	2316683	2276012	40671	16815	1100	445	23856	0.0103	0.0073	0.0105	0.0070	0.0002
13	2316683	2279014	37669	16856	892	447	20813	0.0090	0.0073	0.0092	0.0071	0.0002
14	2316683	2271239	45444	16769	1077	630	28675	0.0124	0.0072	0.0126	0.0070	0.0003
15	2316683	2263457	53226	17083	1428	798	36143	0.0156	0.0074	0.0159	0.0071	0.0003
16	2316683	2260076	56607	17655	1503	705	38952	0.0168	0.0076	0.0171	0.0073	0.0003
17	2316683	2265679	51004	17261	1393	688	33743	0.0146	0.0075	0.0149	0.0072	0.0003
18	2316683	2264549	52134	17261	1358	670	34873	0.0151	0.0075	0.0153	0.0072	0.0003
19	2316683	2265194	51489	17498	1379	709	33991	0.0147	0.0076	0.0150	0.0073	0.0003
20	2316683	2251286	65397	17629	1769	1060	47768	0.0206	0.0076	0.0210	0.0072	0.0005
21	2316683	2247568	69115	18104	2374	1314	51011	0.0220	0.0078	0.0225	0.0073	0.0006
22	2316683	2235912	80771	18490	2906	1592	62281	0.0269	0.0080	0.0275	0.0074	0.0007
23	2316683	2242908	73775	18356	2968	1376	55419	0.0239	0.0079	0.0246	0.0073	0.0006
24	2316683	2237632	79051	18890	3079	1703	60161	0.0260	0.0082	0.0266	0.0075	0.0007
25	2316683	2223964	92719	20201	4228	2525	72518	0.0313	0.0087	0.0322	0.0078	0.0011
26	2316683	2209126	107557	21029	5661	3136	86528	0.0373	0.0091	0.0386	0.0079	0.0014
27	2316683	2191152	125531	21991	7261	4125	103540	0.0447	0.0095	0.0463	0.0079	0.0018
28	2316683	2189783	126900	22972	8651	4526	103928	0.0449	0.0099	0.0467	0.0080	0.0020
29	2316683	2179861	136822	24322	10151	5625	112500	0.0486	0.0105	0.0508	0.0083	0.0024
30	2316683	2159193	157490	26246	12520	6895	131244	0.0567	0.0113	0.0594	0.0086	0.0030
31	2316683	2156461	160222	28831	14861	7966	131391	0.0567	0.0124	0.0599	0.0092	0.0034
32	2316683	2094976	221707	35675	21632	13666	186032	0.0803	0.0154	0.0850	0.0107	0.0059
33	2316683	2089507	227176	39971	29748	16082	187205	0.0808	0.0173	0.0872	0.0108	0.0069
34	2316683	2087412	229271	19554	16082	0	209717	0.0905	0.0084	0.0940	0.0050	0.0000
