Pos	Count	Matches	Mis	Valid	Inval	Inv St	Errors	E rate	SNPrate	CE rate	CSNPrat	FSNPrat
0	1419762	1389880	29882	6172	1176	1176	23710	0.0167	0.0043	0.0171	0.0039	0.0008
1	1419762	1387953	31809	12233	1715	539	19576	0.0138	0.0086	0.0144	0.0080	0.0004
2	1419762	1396331	23431	11806	987	448	11625	0.0082	0.0083	0.0085	0.0080	0.0003
3	1419762	1396383	23379	11116	807	359	12263	0.0086	0.0078	0.0089	0.0075	0.0003
4	1419762	1396141	23621	11057	810	451	12564	0.0088	0.0078	0.0091	0.0075	0.0003
5	1419762	1386923	32839	11661	1424	973	21178	0.0149	0.0082	0.0154	0.0077	0.0007
6	1419762	1378844	40918	11428	1425	452	29490	0.0208	0.0080	0.0213	0.0075	0.0003
7	1419762	1398670	21092	10622	651	199	10470	0.0074	0.0075	0.0076	0.0073	0.0001
8	1419762	1399632	20130	10497	395	196	9633	0.0068	0.0074	0.0069	0.0073	0.0001
9	1419762	1396326	23436	10672	488	292	12764	0.0090	0.0075	0.0092	0.0073	0.0002
10	1419762	1386815	32947	11022	806	514	21925	0.0154	0.0078	0.0157	0.0075	0.0004
11	1419762	1386481	33281	10649	845	331	22632	0.0159	0.0075	0.0162	0.0072	0.0002
12	1419762	1395546	24216	9858	593	262	14358	0.0101	0.0069	0.0103	0.0067	0.0002
13	1419762	1396813	22949	9987	526	264	12962	0.0091	0.0070	0.0093	0.0068	0.0002
14	1419762	1392151	27611	9920	650	386	17691	0.0125	0.0070	0.0127	0.0068	0.0003
15	1419762	1387324	32438	9896	842	456	22542	0.0159	0.0070	0.0162	0.0067	0.0003
16	1419762	1386415	33347	10272	845	389	23075	0.0163	0.0072	0.0165	0.0069	0.0003
17	1419762	1389650	30112	10207	807	418	19905	0.0140	0.0072	0.0143	0.0069	0.0003
18	1419762	1388765	30997	10209	837	419	20788	0.0146	0.0072	0.0149	0.0069	0.0003
19	1419762	1388220	31542	10344	878	459	21198	0.0149	0.0073	0.0152	0.0070	0.0003
20	1419762	1380188	39574	10330	1114	655	29244	0.0206	0.0073	0.0210	0.0069	0.0005
21	1419762	1378616	41146	10730	1351	696	30416	0.0214	0.0076	0.0219	0.0071	0.0005
22	1419762	1370073	49689	11981	1628	932	37708	0.0266	0.0084	0.0271	0.0079	0.0007
23	1419762	1373989	45773	12010	1743	811	33763	0.0238	0.0085	0.0244	0.0078	0.0006
24	1419762	1371991	47771	11377	1839	1028	36394	0.0256	0.0080	0.0263	0.0074	0.0007
25	1419762	1362852	56910	12963	2562	1534	43947	0.0310	0.0091	0.0319	0.0082	0.0011
26	1419762	1354496	65266	13747	3442	1908	51519	0.0363	0.0097	0.0375	0.0085	0.0013
27	1419762	1343204	76558	13327	4670	2762	63231	0.0445	0.0094	0.0462	0.0077	0.0019
28	1419762	1342028	77734	13640	5567	2805	64094	0.0451	0.0096	0.0471	0.0076	0.0020
29	1419762	1335216	84546	14585	6253	3448	69961	0.0493	0.0103	0.0515	0.0081	0.0024
30	1419762	1322568	97194	15664	7547	4099	81530	0.0574	0.0110	0.0601	0.0084	0.0029
31	1419762	1325114	94648	15842	8975	4876	78806	0.0555	0.0112	0.0587	0.0080	0.0034
32	1419762	1286423	133339	18091	13280	8404	115248	0.0812	0.0127	0.0859	0.0081	0.0059
33	1419762	1282907	136855	21916	18355	9951	114939	0.0810	0.0154	0.0874	0.0090	0.0070
34	1419762	1278337	141425	11689	9951	0	129736	0.0914	0.0082	0.0949	0.0047	0.0000
