Pos	Count	Matches	Mis	Valid	Inval	Inv St	Errors	E rate	SNPrate	CE rate	CSNPrat	FSNPrat
0	1992619	1949468	43151	8870	1755	1755	34281	0.0172	0.0045	0.0176	0.0040	0.0009
1	1992619	1946825	45794	17581	2443	688	28213	0.0142	0.0088	0.0148	0.0082	0.0003
2	1992619	1959309	33310	17040	1331	643	16270	0.0082	0.0086	0.0085	0.0082	0.0003
3	1992619	1959109	33510	16288	1142	499	17222	0.0086	0.0082	0.0089	0.0079	0.0003
4	1992619	1959087	33532	15945	1128	629	17587	0.0088	0.0080	0.0091	0.0077	0.0003
5	1992619	1946004	46615	16761	1996	1367	29854	0.0150	0.0084	0.0155	0.0079	0.0007
6	1992619	1933261	59358	16756	1995	628	42602	0.0214	0.0084	0.0219	0.0079	0.0003
7	1992619	1962143	30476	15766	894	266	14710	0.0074	0.0079	0.0076	0.0077	0.0001
8	1992619	1963260	29359	15546	587	321	13813	0.0069	0.0078	0.0071	0.0077	0.0002
9	1992619	1958660	33959	15727	751	430	18232	0.0091	0.0079	0.0093	0.0077	0.0002
10	1992619	1945185	47434	16067	1218	788	31367	0.0157	0.0081	0.0160	0.0078	0.0004
11	1992619	1944963	47656	15484	1306	518	32172	0.0161	0.0078	0.0165	0.0074	0.0003
12	1992619	1957638	34981	14689	892	374	20292	0.0102	0.0074	0.0104	0.0071	0.0002
13	1992619	1959739	32880	14574	783	409	18306	0.0092	0.0073	0.0094	0.0071	0.0002
14	1992619	1953415	39204	14416	947	538	24788	0.0124	0.0072	0.0127	0.0070	0.0003
15	1992619	1946324	46295	14690	1190	652	31605	0.0159	0.0074	0.0162	0.0071	0.0003
16	1992619	1944193	48426	15076	1266	614	33350	0.0167	0.0076	0.0171	0.0072	0.0003
17	1992619	1949787	42832	14908	1224	610	27924	0.0140	0.0075	0.0143	0.0072	0.0003
18	1992619	1948037	44582	15102	1207	597	29480	0.0148	0.0076	0.0151	0.0073	0.0003
19	1992619	1947406	45213	15366	1262	665	29847	0.0150	0.0077	0.0153	0.0074	0.0003
20	1992619	1935686	56933	15292	1654	989	41641	0.0209	0.0077	0.0213	0.0073	0.0005
21	1992619	1933204	59415	15717	2103	1114	43698	0.0219	0.0079	0.0225	0.0074	0.0006
22	1992619	1923648	68971	16011	2429	1315	52960	0.0266	0.0080	0.0272	0.0074	0.0007
23	1992619	1930950	61669	15674	2462	1147	45995	0.0231	0.0079	0.0237	0.0072	0.0006
24	1992619	1926187	66432	16203	2680	1533	50229	0.0252	0.0081	0.0259	0.0075	0.0008
25	1992619	1912431	80188	17588	3663	2130	62600	0.0314	0.0088	0.0323	0.0079	0.0011
26	1992619	1901597	91022	18272	4855	2725	72750	0.0365	0.0092	0.0377	0.0080	0.0014
27	1992619	1887406	105213	19129	6449	3724	86084	0.0432	0.0096	0.0448	0.0080	0.0019
28	1992619	1883237	109382	19989	7572	3848	89393	0.0449	0.0100	0.0468	0.0081	0.0019
29	1992619	1873886	118733	21033	8751	4903	97700	0.0490	0.0106	0.0512	0.0084	0.0025
30	1992619	1856976	135643	22420	10892	5989	113223	0.0568	0.0113	0.0596	0.0085	0.0030
31	1992619	1857179	135440	22954	12913	6924	112486	0.0565	0.0115	0.0597	0.0083	0.0035
32	1992619	1804962	187657	26054	19066	12142	161603	0.0811	0.0131	0.0859	0.0083	0.0061
33	1992619	1799961	192658	31143	26278	14136	161515	0.0811	0.0156	0.0877	0.0090	0.0071
34	1992619	1793696	198923	16635	14136	0	182288	0.0915	0.0083	0.0950	0.0048	0.0000
