Pos	Count	Matches	Mis	Valid	Inval	Inv St	Errors	E rate	SNPrate	CE rate	CSNPrat	FSNPrat
0	2598631	2541577	57054	11394	2249	2249	45660	0.0176	0.0044	0.0180	0.0040	0.0009
1	2598631	2538716	59915	22568	3196	947	37347	0.0144	0.0087	0.0150	0.0081	0.0004
2	2598631	2555334	43297	21934	1821	874	21363	0.0082	0.0084	0.0086	0.0081	0.0003
3	2598631	2555099	43532	21012	1558	684	22520	0.0087	0.0081	0.0090	0.0078	0.0003
4	2598631	2555180	43451	20657	1466	782	22794	0.0088	0.0079	0.0091	0.0077	0.0003
5	2598631	2537884	60747	21731	2586	1804	39016	0.0150	0.0084	0.0155	0.0079	0.0007
6	2598631	2520528	78103	22003	2594	790	56100	0.0216	0.0085	0.0221	0.0080	0.0003
7	2598631	2559018	39613	20387	1179	389	19226	0.0074	0.0078	0.0076	0.0076	0.0001
8	2598631	2560859	37772	19720	786	397	18052	0.0069	0.0076	0.0071	0.0074	0.0002
9	2598631	2554987	43644	20297	932	535	23347	0.0090	0.0078	0.0092	0.0076	0.0002
10	2598631	2537205	61426	20700	1590	1055	40726	0.0157	0.0080	0.0160	0.0077	0.0004
11	2598631	2535700	62931	20002	1767	712	42929	0.0165	0.0077	0.0169	0.0074	0.0003
12	2598631	2552898	45733	19056	1192	480	26677	0.0103	0.0073	0.0105	0.0071	0.0002
13	2598631	2555646	42985	18985	1023	543	24000	0.0092	0.0073	0.0094	0.0071	0.0002
14	2598631	2547898	50733	18692	1246	703	32041	0.0123	0.0072	0.0126	0.0070	0.0003
15	2598631	2538585	60046	19049	1571	868	40997	0.0158	0.0073	0.0161	0.0070	0.0003
16	2598631	2534845	63786	19841	1582	714	43945	0.0169	0.0076	0.0172	0.0073	0.0003
17	2598631	2543143	55488	19375	1580	866	36113	0.0139	0.0075	0.0142	0.0072	0.0003
18	2598631	2540752	57879	19064	1607	741	38815	0.0149	0.0073	0.0152	0.0070	0.0003
19	2598631	2541140	57491	19435	1639	898	38056	0.0146	0.0075	0.0150	0.0072	0.0003
20	2598631	2524909	73722	19435	2174	1276	54287	0.0209	0.0075	0.0213	0.0071	0.0005
21	2598631	2520884	77747	19733	2774	1498	58014	0.0223	0.0076	0.0229	0.0071	0.0006
22	2598631	2509435	89196	20263	3293	1795	68933	0.0265	0.0078	0.0272	0.0072	0.0007
23	2598631	2517999	80632	20248	3346	1551	60384	0.0232	0.0078	0.0239	0.0071	0.0006
24	2598631	2512928	85703	21062	3418	1867	64641	0.0249	0.0081	0.0255	0.0074	0.0007
25	2598631	2494522	104109	22552	4755	2888	81557	0.0314	0.0087	0.0323	0.0078	0.0011
26	2598631	2477746	120885	23453	6227	3339	97432	0.0375	0.0090	0.0387	0.0078	0.0013
27	2598631	2463104	135527	24471	7971	4632	111056	0.0427	0.0094	0.0443	0.0079	0.0018
28	2598631	2456470	142161	25590	9655	5023	116571	0.0449	0.0098	0.0467	0.0080	0.0019
29	2598631	2445515	153116	27110	11385	6362	126006	0.0485	0.0104	0.0507	0.0082	0.0024
30	2598631	2421696	176935	29058	14332	7970	147877	0.0569	0.0112	0.0597	0.0084	0.0031
31	2598631	2421708	176923	29612	16983	9013	147311	0.0567	0.0114	0.0600	0.0081	0.0035
32	2598631	2357981	240650	33464	24385	15372	207186	0.0797	0.0129	0.0844	0.0082	0.0059
33	2598631	2348878	249753	40735	33353	17981	209018	0.0804	0.0157	0.0869	0.0093	0.0069
34	2598631	2344047	254584	21916	17981	0	232668	0.0895	0.0084	0.0930	0.0050	0.0000
