Pos	Count	Matches	Mis	Valid	Inval	Inv St	Errors	E rate	SNPrate	CE rate	CSNPrat	FSNPrat
0	1320849	1293080	27769	5848	1047	1047	21921	0.0166	0.0044	0.0170	0.0040	0.0008
1	1320849	1291213	29636	11404	1506	459	18232	0.0138	0.0086	0.0144	0.0081	0.0003
2	1320849	1299153	21696	10886	921	462	10810	0.0082	0.0082	0.0085	0.0079	0.0003
3	1320849	1298734	22115	10696	761	299	11419	0.0086	0.0081	0.0089	0.0078	0.0002
4	1320849	1298482	22367	10546	698	399	11821	0.0089	0.0080	0.0092	0.0077	0.0003
5	1320849	1290538	30311	10720	1319	920	19591	0.0148	0.0081	0.0153	0.0076	0.0007
6	1320849	1282422	38427	10718	1374	454	27709	0.0210	0.0081	0.0215	0.0076	0.0003
7	1320849	1300944	19905	10174	682	228	9731	0.0074	0.0077	0.0076	0.0074	0.0002
8	1320849	1301772	19077	9922	453	225	9155	0.0069	0.0075	0.0071	0.0073	0.0002
9	1320849	1298818	22031	9898	526	301	12133	0.0092	0.0075	0.0094	0.0073	0.0002
10	1320849	1289993	30856	10212	799	498	20644	0.0156	0.0077	0.0159	0.0074	0.0004
11	1320849	1289882	30967	10106	876	378	20861	0.0158	0.0077	0.0161	0.0073	0.0003
12	1320849	1297722	23127	9622	638	260	13505	0.0102	0.0073	0.0105	0.0070	0.0002
13	1320849	1299127	21722	9638	524	264	12084	0.0091	0.0073	0.0093	0.0071	0.0002
14	1320849	1294517	26332	9504	607	343	16828	0.0127	0.0072	0.0130	0.0070	0.0003
15	1320849	1290581	30268	9391	796	453	20877	0.0158	0.0071	0.0161	0.0068	0.0003
16	1320849	1289835	31014	9692	877	424	21322	0.0161	0.0073	0.0165	0.0070	0.0003
17	1320849	1292449	28400	9619	844	420	18781	0.0142	0.0073	0.0145	0.0070	0.0003
18	1320849	1291636	29213	9572	826	406	19641	0.0149	0.0072	0.0152	0.0069	0.0003
19	1320849	1290994	29855	9680	825	419	20175	0.0153	0.0073	0.0156	0.0070	0.0003
20	1320849	1283876	36973	9794	1044	625	27179	0.0206	0.0074	0.0210	0.0070	0.0005
21	1320849	1282620	38229	10129	1324	699	28100	0.0213	0.0077	0.0218	0.0072	0.0005
22	1320849	1274785	46064	10412	1584	885	35652	0.0270	0.0079	0.0276	0.0073	0.0007
23	1320849	1279547	41302	10324	1735	850	30978	0.0235	0.0078	0.0241	0.0072	0.0006
24	1320849	1276267	44582	10399	1853	1003	34183	0.0259	0.0079	0.0266	0.0072	0.0008
25	1320849	1268559	52290	11090	2428	1425	41200	0.0312	0.0084	0.0321	0.0075	0.0011
26	1320849	1261902	58947	11569	3235	1810	47378	0.0359	0.0088	0.0371	0.0075	0.0014
27	1320849	1249775	71074	12111	4316	2506	58963	0.0446	0.0092	0.0463	0.0075	0.0019
28	1320849	1247645	73204	12790	5219	2713	60414	0.0457	0.0097	0.0477	0.0077	0.0021
29	1320849	1240439	80410	13634	6042	3329	66776	0.0506	0.0103	0.0528	0.0080	0.0025
30	1320849	1231201	89648	14455	7390	4061	75193	0.0569	0.0109	0.0597	0.0081	0.0031
31	1320849	1232795	88054	14771	8780	4719	73283	0.0555	0.0112	0.0588	0.0079	0.0036
32	1320849	1194087	126762	17230	13013	8294	109532	0.0829	0.0130	0.0879	0.0081	0.0063
33	1320849	1191378	129471	20929	17929	9635	108542	0.0822	0.0158	0.0890	0.0091	0.0073
34	1320849	1186604	134245	11143	9635	0	123102	0.0932	0.0084	0.0968	0.0048	0.0000
