Pos	Count	Matches	Mis	Valid	Inval	Inv St	Errors	E rate	SNPrate	CE rate	CSNPrat	FSNPrat
0	1527071	1494680	32391	6856	1278	1278	25535	0.0167	0.0045	0.0171	0.0041	0.0008
1	1527071	1492243	34828	13613	1842	564	21215	0.0139	0.0089	0.0145	0.0083	0.0004
2	1527071	1501517	25554	13110	1079	515	12444	0.0081	0.0086	0.0085	0.0082	0.0003
3	1527071	1501487	25584	12452	887	372	13132	0.0086	0.0082	0.0089	0.0079	0.0002
4	1527071	1501475	25596	12322	831	459	13274	0.0087	0.0081	0.0090	0.0078	0.0003
5	1527071	1491657	35414	12732	1501	1042	22682	0.0149	0.0083	0.0153	0.0078	0.0007
6	1527071	1482325	44746	12717	1574	532	32029	0.0210	0.0083	0.0215	0.0078	0.0003
7	1527071	1503630	23441	12018	754	222	11423	0.0075	0.0079	0.0077	0.0076	0.0001
8	1527071	1504676	22395	11788	462	240	10607	0.0069	0.0077	0.0071	0.0076	0.0002
9	1527071	1501178	25893	12011	562	322	13882	0.0091	0.0079	0.0093	0.0077	0.0002
10	1527071	1491475	35596	12128	895	573	23468	0.0154	0.0079	0.0157	0.0076	0.0004
11	1527071	1490889	36182	11675	974	401	24507	0.0160	0.0076	0.0164	0.0073	0.0003
12	1527071	1500158	26913	11085	705	304	15828	0.0104	0.0073	0.0106	0.0070	0.0002
13	1527071	1502208	24863	11128	626	322	13735	0.0090	0.0073	0.0092	0.0071	0.0002
14	1527071	1496815	30256	11135	731	409	19121	0.0125	0.0073	0.0128	0.0071	0.0003
15	1527071	1491838	35233	11305	873	464	23928	0.0157	0.0074	0.0160	0.0071	0.0003
16	1527071	1490608	36463	11300	954	490	25163	0.0165	0.0074	0.0168	0.0071	0.0003
17	1527071	1494564	32507	11098	951	461	21409	0.0140	0.0073	0.0143	0.0070	0.0003
18	1527071	1493200	33871	11319	923	462	22552	0.0148	0.0074	0.0151	0.0071	0.0003
19	1527071	1492526	34545	11422	976	514	23123	0.0151	0.0075	0.0155	0.0072	0.0003
20	1527071	1484501	42570	11424	1259	745	31146	0.0204	0.0075	0.0208	0.0071	0.0005
21	1527071	1482605	44466	11658	1580	835	32808	0.0215	0.0076	0.0220	0.0071	0.0005
22	1527071	1474345	52726	11897	1919	1084	40829	0.0267	0.0078	0.0274	0.0072	0.0007
23	1527071	1479570	47501	11833	1935	851	35668	0.0234	0.0077	0.0240	0.0071	0.0006
24	1527071	1476002	51069	12340	1951	1100	38729	0.0254	0.0081	0.0260	0.0074	0.0007
25	1527071	1466588	60483	13243	2830	1730	47240	0.0309	0.0087	0.0319	0.0077	0.0011
26	1527071	1458029	69042	13718	3798	2068	55324	0.0362	0.0090	0.0375	0.0077	0.0014
27	1527071	1446358	80713	14241	4905	2837	66472	0.0435	0.0093	0.0451	0.0077	0.0019
28	1527071	1443572	83499	15052	5888	3051	68447	0.0448	0.0099	0.0468	0.0079	0.0020
29	1527071	1435154	91917	16138	6794	3743	75779	0.0496	0.0106	0.0518	0.0083	0.0025
30	1527071	1423902	103169	17179	8178	4435	85990	0.0563	0.0112	0.0590	0.0086	0.0029
31	1527071	1425362	101709	17565	9645	5210	84144	0.0551	0.0115	0.0583	0.0083	0.0034
32	1527071	1382744	144327	19838	14546	9336	124489	0.0815	0.0130	0.0863	0.0082	0.0061
33	1527071	1378546	148525	23850	20137	10801	124675	0.0816	0.0156	0.0882	0.0090	0.0071
34	1527071	1375272	151799	12774	10801	0	139025	0.0910	0.0084	0.0946	0.0048	0.0000
