Pos	Count	Matches	Mis	Valid	Inval	Inv St	Errors	E rate	SNPrate	CE rate	CSNPrat	FSNPrat
0	556389	545408	10981	1401	447	447	9580	0.0172	0.0025	0.0176	0.0021	0.0008
1	556389	545947	10442	2679	643	196	7763	0.0140	0.0048	0.0145	0.0042	0.0004
2	556389	549536	6853	2452	385	189	4401	0.0079	0.0044	0.0083	0.0041	0.0003
3	556389	549290	7099	2348	322	133	4751	0.0085	0.0042	0.0088	0.0039	0.0002
4	556389	549261	7128	2268	297	164	4860	0.0087	0.0041	0.0090	0.0038	0.0003
5	556389	545514	10875	2452	543	379	8423	0.0151	0.0044	0.0156	0.0039	0.0007
6	556389	542022	14367	2445	551	172	11922	0.0214	0.0044	0.0219	0.0039	0.0003
7	556389	550157	6232	2100	244	72	4132	0.0074	0.0038	0.0076	0.0036	0.0001
8	556389	550360	6029	2066	152	80	3963	0.0071	0.0037	0.0073	0.0036	0.0001
9	556389	549239	7150	2160	213	133	4990	0.0090	0.0039	0.0092	0.0037	0.0002
10	556389	545334	11055	2275	344	211	8780	0.0158	0.0041	0.0161	0.0038	0.0004
11	556389	545081	11308	2174	344	133	9134	0.0164	0.0039	0.0167	0.0036	0.0002
12	556389	548662	7727	2022	221	88	5705	0.0103	0.0036	0.0105	0.0034	0.0002
13	556389	549276	7113	1984	193	105	5129	0.0092	0.0036	0.0094	0.0034	0.0002
14	556389	547338	9051	2006	227	122	7045	0.0127	0.0036	0.0129	0.0034	0.0002
15	556389	545457	10932	2143	314	192	8789	0.0158	0.0039	0.0161	0.0036	0.0003
16	556389	545114	11275	2130	351	159	9145	0.0164	0.0038	0.0168	0.0035	0.0003
17	556389	546266	10123	2029	356	197	8094	0.0145	0.0036	0.0149	0.0033	0.0004
18	556389	545910	10479	2027	350	153	8452	0.0152	0.0036	0.0155	0.0033	0.0003
19	556389	545946	10443	2124	315	162	8319	0.0150	0.0038	0.0152	0.0035	0.0003
20	556389	542522	13867	2241	403	241	11626	0.0209	0.0040	0.0213	0.0037	0.0004
21	556389	541857	14532	2335	533	292	12197	0.0219	0.0042	0.0224	0.0037	0.0005
22	556389	538611	17778	2458	671	379	15320	0.0275	0.0044	0.0281	0.0038	0.0007
23	556389	540726	15663	2445	694	315	13218	0.0238	0.0044	0.0244	0.0038	0.0006
24	556389	539444	16945	2537	718	403	14408	0.0259	0.0046	0.0265	0.0039	0.0007
25	556389	535749	20640	2840	1018	615	17800	0.0320	0.0051	0.0329	0.0042	0.0011
26	556389	533022	23367	3090	1415	800	20277	0.0364	0.0056	0.0377	0.0043	0.0014
27	556389	527868	28521	3367	1852	1052	25154	0.0452	0.0061	0.0469	0.0044	0.0019
28	556389	527186	29203	3631	2195	1143	25572	0.0460	0.0065	0.0479	0.0046	0.0021
29	556389	524392	31997	3946	2488	1345	28051	0.0504	0.0071	0.0527	0.0049	0.0024
30	556389	520004	36385	4401	3037	1692	31984	0.0575	0.0079	0.0602	0.0052	0.0030
31	556389	520754	35635	4632	3650	1958	31003	0.0557	0.0083	0.0590	0.0050	0.0035
32	556389	504893	51496	5641	5421	3463	45855	0.0824	0.0101	0.0873	0.0053	0.0062
33	556389	503269	53120	7125	7393	3930	45995	0.0827	0.0128	0.0893	0.0062	0.0071
34	556389	502180	54209	3792	3930	0	50417	0.0906	0.0068	0.0941	0.0033	0.0000
