Pos	Count	Matches	Mis	Valid	Inval	Inv St	Errors	E rate	SNPrate	CE rate	CSNPrat	FSNPrat
0	504299	493968	10331	2264	412	412	8067	0.0160	0.0045	0.0164	0.0041	0.0008
1	504299	492716	11583	4732	590	178	6851	0.0136	0.0094	0.0142	0.0088	0.0004
2	504299	495420	8879	4699	346	168	4180	0.0083	0.0093	0.0086	0.0090	0.0003
3	504299	495659	8640	4330	276	108	4310	0.0085	0.0086	0.0088	0.0083	0.0002
4	504299	495301	8998	4361	240	132	4637	0.0092	0.0086	0.0094	0.0084	0.0003
5	504299	492110	12189	4628	464	332	7561	0.0150	0.0092	0.0155	0.0087	0.0007
6	504299	489383	14916	4533	477	145	10383	0.0206	0.0090	0.0211	0.0085	0.0003
7	504299	496387	7912	4136	229	84	3776	0.0075	0.0082	0.0077	0.0080	0.0002
8	504299	496640	7659	4083	157	73	3576	0.0071	0.0081	0.0072	0.0079	0.0001
9	504299	495340	8959	4313	171	98	4646	0.0092	0.0086	0.0094	0.0084	0.0002
10	504299	492069	12230	4317	287	189	7913	0.0157	0.0086	0.0160	0.0083	0.0004
11	504299	492439	11860	4048	310	121	7812	0.0155	0.0080	0.0158	0.0077	0.0002
12	504299	495139	9160	3852	223	102	5308	0.0105	0.0076	0.0107	0.0074	0.0002
13	504299	495653	8646	3885	204	102	4761	0.0094	0.0077	0.0096	0.0075	0.0002
14	504299	493920	10379	3881	251	149	6498	0.0129	0.0077	0.0131	0.0074	0.0003
15	504299	492445	11854	3929	334	185	7925	0.0157	0.0078	0.0160	0.0075	0.0004
16	504299	492057	12242	4043	344	159	8199	0.0163	0.0080	0.0166	0.0077	0.0003
17	504299	493238	11061	3919	307	148	7142	0.0142	0.0078	0.0145	0.0075	0.0003
18	504299	492662	11637	3867	286	138	7770	0.0154	0.0077	0.0157	0.0074	0.0003
19	504299	492566	11733	3914	311	173	7819	0.0155	0.0078	0.0158	0.0075	0.0003
20	504299	489676	14623	3936	419	246	10687	0.0212	0.0078	0.0216	0.0074	0.0005
21	504299	489485	14814	4108	544	298	10706	0.0212	0.0081	0.0218	0.0076	0.0006
22	504299	486350	17949	4120	713	415	13829	0.0274	0.0082	0.0281	0.0075	0.0008
23	504299	487896	16403	4114	736	321	12289	0.0244	0.0082	0.0251	0.0074	0.0006
24	504299	486173	18126	4314	756	435	13812	0.0274	0.0086	0.0281	0.0078	0.0009
25	504299	483686	20613	4519	997	562	16094	0.0319	0.0090	0.0329	0.0080	0.0011
26	504299	481663	22636	4747	1263	701	17889	0.0355	0.0094	0.0367	0.0082	0.0014
27	504299	476195	28104	5045	1731	1030	23059	0.0457	0.0100	0.0474	0.0083	0.0020
28	504299	475564	28735	5314	2086	1056	23421	0.0464	0.0105	0.0485	0.0085	0.0021
29	504299	472826	31473	5540	2433	1377	25933	0.0514	0.0110	0.0538	0.0086	0.0027
30	504299	469667	34632	5695	2881	1504	28937	0.0574	0.0113	0.0602	0.0084	0.0030
31	504299	471198	33101	5832	3229	1725	27269	0.0541	0.0116	0.0573	0.0084	0.0034
32	504299	455260	49039	6852	4873	3148	42187	0.0837	0.0136	0.0885	0.0088	0.0062
33	504299	454165	50134	8347	6942	3794	41787	0.0829	0.0166	0.0897	0.0097	0.0075
34	504299	452027	52272	4461	3794	0	47811	0.0948	0.0088	0.0986	0.0051	0.0000
