Pos	Count	Matches	Mis	Valid	Inval	Inv St	Errors	E rate	SNPrate	CE rate	CSNPrat	FSNPrat
0	497580	486962	10618	2359	468	468	8259	0.0166	0.0047	0.0171	0.0043	0.0009
1	497580	486104	11476	4604	660	192	6872	0.0138	0.0093	0.0145	0.0086	0.0004
2	497580	488968	8612	4392	365	173	4220	0.0085	0.0088	0.0088	0.0085	0.0003
3	497580	488866	8714	4168	297	124	4546	0.0091	0.0084	0.0094	0.0081	0.0002
4	497580	488751	8829	4223	308	184	4606	0.0093	0.0085	0.0096	0.0082	0.0004
5	497580	485558	12022	4557	531	347	7465	0.0150	0.0092	0.0155	0.0086	0.0007
6	497580	482641	14939	4504	525	178	10435	0.0210	0.0091	0.0215	0.0085	0.0004
7	497580	489473	8107	4213	274	96	3894	0.0078	0.0085	0.0081	0.0082	0.0002
8	497580	489741	7839	4182	172	76	3657	0.0073	0.0084	0.0075	0.0082	0.0002
9	497580	488591	8989	4192	195	119	4797	0.0096	0.0084	0.0098	0.0082	0.0002
10	497580	485475	12105	4200	324	205	7905	0.0159	0.0084	0.0162	0.0081	0.0004
11	497580	485453	12127	4057	334	129	8070	0.0162	0.0082	0.0166	0.0078	0.0003
12	497580	488274	9306	3841	233	104	5465	0.0110	0.0077	0.0112	0.0075	0.0002
13	497580	488985	8595	3893	217	113	4702	0.0094	0.0078	0.0097	0.0076	0.0002
14	497580	486972	10608	3901	261	148	6707	0.0135	0.0078	0.0137	0.0076	0.0003
15	497580	485725	11855	3936	347	199	7919	0.0159	0.0079	0.0163	0.0076	0.0004
16	497580	485532	12048	4009	364	165	8039	0.0162	0.0081	0.0165	0.0077	0.0003
17	497580	486321	11259	3906	340	175	7353	0.0148	0.0078	0.0151	0.0075	0.0004
18	497580	485983	11597	3866	320	145	7731	0.0155	0.0078	0.0159	0.0074	0.0003
19	497580	485876	11704	3846	323	178	7858	0.0158	0.0077	0.0161	0.0074	0.0004
20	497580	483296	14284	3918	399	221	10366	0.0208	0.0079	0.0212	0.0075	0.0004
21	497580	482938	14642	4044	544	323	10598	0.0213	0.0081	0.0218	0.0076	0.0006
22	497580	479737	17843	4076	720	397	13767	0.0277	0.0082	0.0284	0.0075	0.0008
23	497580	481488	16092	4167	717	320	11925	0.0240	0.0084	0.0247	0.0077	0.0006
24	497580	479924	17656	4352	712	392	13304	0.0267	0.0087	0.0275	0.0080	0.0008
25	497580	477210	20370	4513	931	539	15857	0.0319	0.0091	0.0328	0.0081	0.0011
26	497580	475012	22568	4760	1220	681	17808	0.0358	0.0096	0.0370	0.0083	0.0014
27	497580	469653	27927	5018	1728	1047	22909	0.0460	0.0101	0.0478	0.0083	0.0021
28	497580	469049	28531	5105	2132	1085	23426	0.0471	0.0103	0.0492	0.0081	0.0022
29	497580	466028	31552	5360	2419	1334	26192	0.0526	0.0108	0.0551	0.0083	0.0027
30	497580	463010	34570	5720	2775	1441	28850	0.0580	0.0115	0.0608	0.0087	0.0029
31	497580	464541	33039	5829	3218	1777	27210	0.0547	0.0117	0.0579	0.0085	0.0036
32	497580	448418	49162	6738	5057	3280	42424	0.0853	0.0135	0.0903	0.0085	0.0066
33	497580	447154	50426	8056	7142	3862	42370	0.0852	0.0162	0.0923	0.0090	0.0078
34	497580	445745	51835	4213	3862	0	47622	0.0957	0.0085	0.0996	0.0046	0.0000
