Pos	Count	Matches	Mis	Valid	Inval	Inv St	Errors	E rate	SNPrate	CE rate	CSNPrat	FSNPrat
0	888369	869211	19158	4108	767	767	15050	0.0169	0.0046	0.0174	0.0042	0.0009
1	888369	867976	20393	8028	1079	312	12365	0.0139	0.0090	0.0145	0.0084	0.0004
2	888369	873511	14858	7631	597	285	7227	0.0081	0.0086	0.0085	0.0083	0.0003
3	888369	873450	14919	7282	519	234	7637	0.0086	0.0082	0.0089	0.0079	0.0003
4	888369	873672	14697	7071	488	254	7626	0.0086	0.0080	0.0089	0.0077	0.0003
5	888369	867867	20502	7445	842	588	13057	0.0147	0.0084	0.0152	0.0079	0.0007
6	888369	862257	26112	7533	882	294	18579	0.0209	0.0085	0.0214	0.0080	0.0003
7	888369	874809	13560	6899	442	148	6661	0.0075	0.0078	0.0077	0.0075	0.0002
8	888369	875227	13142	6781	279	131	6361	0.0072	0.0076	0.0073	0.0075	0.0001
9	888369	873326	15043	6963	330	199	8080	0.0091	0.0078	0.0093	0.0077	0.0002
10	888369	867622	20747	7100	572	373	13647	0.0154	0.0080	0.0157	0.0077	0.0004
11	888369	867502	20867	6847	653	280	14020	0.0158	0.0077	0.0161	0.0073	0.0003
12	888369	872802	15567	6364	459	179	9203	0.0104	0.0072	0.0106	0.0069	0.0002
13	888369	873791	14578	6470	387	208	8108	0.0091	0.0073	0.0093	0.0071	0.0002
14	888369	870783	17586	6487	438	230	11099	0.0125	0.0073	0.0127	0.0071	0.0003
15	888369	868380	19989	6443	542	312	13546	0.0152	0.0073	0.0156	0.0069	0.0004
16	888369	867390	20979	6677	609	297	14302	0.0161	0.0075	0.0164	0.0072	0.0003
17	888369	869370	18999	6541	613	316	12458	0.0140	0.0074	0.0144	0.0070	0.0004
18	888369	868604	19765	6553	581	265	13212	0.0149	0.0074	0.0152	0.0070	0.0003
19	888369	868287	20082	6630	541	276	13452	0.0151	0.0075	0.0154	0.0072	0.0003
20	888369	863606	24763	6561	705	429	18202	0.0205	0.0074	0.0209	0.0070	0.0005
21	888369	862686	25683	6848	919	490	18835	0.0212	0.0077	0.0217	0.0072	0.0006
22	888369	857291	31078	7155	1115	625	23923	0.0269	0.0081	0.0276	0.0074	0.0007
23	888369	860694	27675	7049	1165	540	20626	0.0232	0.0079	0.0239	0.0073	0.0006
24	888369	858616	29753	6984	1173	633	22769	0.0256	0.0079	0.0263	0.0072	0.0007
25	888369	853306	35063	7438	1604	971	27625	0.0311	0.0084	0.0320	0.0075	0.0011
26	888369	848832	39537	7886	2151	1180	31651	0.0356	0.0089	0.0368	0.0077	0.0013
27	888369	840882	47487	8336	2821	1641	39151	0.0441	0.0094	0.0457	0.0078	0.0018
28	888369	839163	49206	8818	3423	1782	40388	0.0455	0.0099	0.0474	0.0080	0.0020
29	888369	834556	53813	9386	4044	2262	44427	0.0500	0.0106	0.0523	0.0083	0.0025
30	888369	828592	59777	9904	4858	2596	49873	0.0561	0.0111	0.0589	0.0084	0.0029
31	888369	829788	58581	10041	5640	3044	48540	0.0546	0.0113	0.0578	0.0081	0.0034
32	888369	804019	84350	11535	8515	5471	72815	0.0820	0.0130	0.0868	0.0082	0.0062
33	888369	801835	86534	13839	11685	6214	72695	0.0818	0.0156	0.0884	0.0090	0.0070
34	888369	799619	88750	7337	6214	0	81413	0.0916	0.0083	0.0951	0.0048	0.0000
