Pos	Count	Matches	Mis	Valid	Inval	Inv St	Errors	E rate	SNPrate	CE rate	CSNPrat	FSNPrat
0	827222	809882	17340	3922	645	645	13418	0.0162	0.0047	0.0166	0.0044	0.0008
1	827222	808156	19066	7810	965	320	11256	0.0136	0.0094	0.0142	0.0089	0.0004
2	827222	813002	14220	7505	611	291	6715	0.0081	0.0091	0.0085	0.0087	0.0004
3	827222	812883	14339	7281	502	211	7058	0.0085	0.0088	0.0088	0.0085	0.0003
4	827222	812608	14614	7369	477	266	7245	0.0088	0.0089	0.0090	0.0086	0.0003
5	827222	807646	19576	7551	802	536	12025	0.0145	0.0091	0.0150	0.0086	0.0006
6	827222	802728	24494	7487	820	284	17007	0.0206	0.0091	0.0211	0.0086	0.0003
7	827222	813796	13426	7157	398	114	6269	0.0076	0.0087	0.0078	0.0084	0.0001
8	827222	814316	12906	7154	256	142	5752	0.0070	0.0086	0.0071	0.0085	0.0002
9	827222	812456	14766	7203	316	174	7563	0.0091	0.0087	0.0093	0.0085	0.0002
10	827222	807361	19861	7102	499	325	12759	0.0154	0.0086	0.0157	0.0083	0.0004
11	827222	807582	19640	6876	560	235	12764	0.0154	0.0083	0.0158	0.0080	0.0003
12	827222	812167	15055	6581	393	158	8474	0.0102	0.0080	0.0105	0.0077	0.0002
13	827222	813138	14084	6569	351	193	7515	0.0091	0.0079	0.0093	0.0077	0.0002
14	827222	810295	16927	6532	410	217	10395	0.0126	0.0079	0.0128	0.0076	0.0003
15	827222	807790	19432	6492	514	297	12940	0.0156	0.0078	0.0160	0.0075	0.0004
16	827222	807829	19393	6648	536	239	12745	0.0154	0.0080	0.0157	0.0077	0.0003
17	827222	809030	18192	6576	473	234	11616	0.0140	0.0079	0.0143	0.0077	0.0003
18	827222	808209	19013	6693	470	236	12320	0.0149	0.0081	0.0152	0.0078	0.0003
19	827222	807837	19385	6766	533	297	12619	0.0153	0.0082	0.0156	0.0079	0.0004
20	827222	803584	23638	6605	701	404	17033	0.0206	0.0080	0.0210	0.0076	0.0005
21	827222	803300	23922	6773	890	486	17149	0.0207	0.0082	0.0213	0.0076	0.0006
22	827222	797516	29706	6971	1084	598	22735	0.0275	0.0084	0.0281	0.0078	0.0007
23	827222	800796	26426	6958	1082	484	19468	0.0235	0.0084	0.0242	0.0078	0.0006
24	827222	798304	28918	7230	1125	641	21688	0.0262	0.0087	0.0269	0.0081	0.0008
25	827222	793665	33557	7655	1568	927	25902	0.0313	0.0093	0.0323	0.0083	0.0011
26	827222	790283	36939	8009	2018	1091	28930	0.0350	0.0097	0.0362	0.0085	0.0013
27	827222	781676	45546	8411	2677	1586	37135	0.0449	0.0102	0.0465	0.0086	0.0019
28	827222	780325	46897	8700	3261	1675	38197	0.0462	0.0105	0.0481	0.0085	0.0020
29	827222	775979	51243	9253	3836	2161	41990	0.0508	0.0112	0.0531	0.0089	0.0026
30	827222	770479	56743	9643	4548	2387	47100	0.0569	0.0117	0.0597	0.0089	0.0029
31	827222	772621	54601	9825	5436	3049	44776	0.0541	0.0119	0.0574	0.0086	0.0037
32	827222	745685	81537	11456	8414	5365	70081	0.0847	0.0138	0.0898	0.0088	0.0065
33	827222	744698	82524	13908	11491	6126	68616	0.0829	0.0168	0.0899	0.0099	0.0074
34	827222	741929	85293	7457	6126	0	77836	0.0941	0.0090	0.0978	0.0053	0.0000
