Pos	Count	Matches	Mis	Valid	Inval	Inv St	Errors	E rate	SNPrate	CE rate	CSNPrat	FSNPrat
0	643055	629412	13643	3015	516	516	10628	0.0165	0.0047	0.0169	0.0043	0.0008
1	643055	628625	14430	5796	761	245	8634	0.0134	0.0090	0.0140	0.0084	0.0004
2	643055	632283	10772	5460	483	238	5312	0.0083	0.0085	0.0086	0.0081	0.0004
3	643055	632431	10624	5290	401	163	5334	0.0083	0.0082	0.0086	0.0079	0.0003
4	643055	632188	10867	5262	381	218	5605	0.0087	0.0082	0.0090	0.0079	0.0003
5	643055	628298	14757	5561	617	399	9196	0.0143	0.0086	0.0148	0.0082	0.0006
6	643055	624736	18319	5483	596	197	12836	0.0200	0.0085	0.0204	0.0081	0.0003
7	643055	633016	10039	5123	301	104	4916	0.0076	0.0080	0.0079	0.0077	0.0002
8	643055	633259	9796	5213	212	108	4583	0.0071	0.0081	0.0073	0.0079	0.0002
9	643055	631639	11416	5388	234	126	6028	0.0094	0.0084	0.0096	0.0082	0.0002
10	643055	627775	15280	5436	389	263	9844	0.0153	0.0085	0.0156	0.0082	0.0004
11	643055	628155	14900	5110	430	167	9790	0.0152	0.0079	0.0156	0.0076	0.0003
12	643055	631534	11521	4848	295	128	6673	0.0104	0.0075	0.0106	0.0073	0.0002
13	643055	632264	10791	4883	257	129	5908	0.0092	0.0076	0.0094	0.0074	0.0002
14	643055	629879	13176	4774	320	191	8402	0.0131	0.0074	0.0133	0.0072	0.0003
15	643055	628238	14817	4827	401	210	9990	0.0155	0.0075	0.0158	0.0072	0.0003
16	643055	628250	14805	4920	416	206	9885	0.0154	0.0077	0.0157	0.0073	0.0003
17	643055	628945	14110	4852	414	208	9258	0.0144	0.0075	0.0147	0.0072	0.0003
18	643055	628628	14427	4848	425	217	9579	0.0149	0.0075	0.0152	0.0072	0.0003
19	643055	628055	15000	4858	449	232	10142	0.0158	0.0076	0.0161	0.0072	0.0004
20	643055	625180	17875	4885	536	304	12990	0.0202	0.0076	0.0206	0.0072	0.0005
21	643055	624686	18369	5032	700	396	13337	0.0207	0.0078	0.0213	0.0073	0.0006
22	643055	619984	23071	5078	870	474	17993	0.0280	0.0079	0.0287	0.0072	0.0007
23	643055	622688	20367	5257	870	396	15110	0.0235	0.0082	0.0242	0.0075	0.0006
24	643055	619749	23306	5650	911	515	17656	0.0275	0.0088	0.0282	0.0081	0.0008
25	643055	616976	26079	5994	1197	682	20085	0.0312	0.0093	0.0322	0.0084	0.0011
26	643055	614636	28419	6264	1591	909	22155	0.0345	0.0097	0.0357	0.0085	0.0014
27	643055	606686	36369	6463	2254	1345	29906	0.0465	0.0101	0.0483	0.0083	0.0021
28	643055	606279	36776	6694	2728	1383	30082	0.0468	0.0104	0.0489	0.0083	0.0022
29	643055	601940	41115	7078	3131	1748	34037	0.0529	0.0110	0.0554	0.0086	0.0027
30	643055	598618	44437	7375	3645	1897	37062	0.0576	0.0115	0.0605	0.0086	0.0029
31	643055	600595	42460	7474	4119	2222	34986	0.0544	0.0116	0.0576	0.0084	0.0035
32	643055	578877	64178	8768	6595	4373	55410	0.0862	0.0136	0.0913	0.0085	0.0068
33	643055	577638	65417	10628	9202	4829	54789	0.0852	0.0165	0.0924	0.0094	0.0075
34	643055	575488	67567	5641	4829	0	61926	0.0963	0.0088	0.1001	0.0050	0.0000
