Pos	Count	Matches	Mis	Valid	Inval	Inv St	Errors	E rate	SNPrate	CE rate	CSNPrat	FSNPrat
0	155059	151698	3361	830	134	134	2531	0.0163	0.0054	0.0168	0.0049	0.0009
1	155059	151112	3947	1798	189	55	2149	0.0139	0.0116	0.0145	0.0110	0.0004
2	155059	151876	3183	1814	107	52	1369	0.0088	0.0117	0.0092	0.0114	0.0003
3	155059	151892	3167	1736	95	43	1431	0.0092	0.0112	0.0095	0.0109	0.0003
4	155059	151833	3226	1764	83	40	1462	0.0094	0.0114	0.0097	0.0111	0.0003
5	155059	150979	4080	1772	158	118	2308	0.0149	0.0114	0.0154	0.0109	0.0008
6	155059	150253	4806	1679	176	58	3127	0.0202	0.0108	0.0207	0.0103	0.0004
7	155059	152198	2861	1571	73	15	1290	0.0083	0.0101	0.0086	0.0099	0.0001
8	155059	152273	2786	1578	50	35	1208	0.0078	0.0102	0.0080	0.0100	0.0002
9	155059	151932	3127	1558	72	37	1569	0.0101	0.0100	0.0104	0.0098	0.0002
10	155059	150986	4073	1688	101	64	2385	0.0154	0.0109	0.0157	0.0106	0.0004
11	155059	151015	4044	1697	110	46	2347	0.0151	0.0109	0.0155	0.0106	0.0003
12	155059	151827	3232	1533	78	32	1699	0.0110	0.0099	0.0112	0.0096	0.0002
13	155059	152054	3005	1535	67	35	1470	0.0095	0.0099	0.0097	0.0097	0.0002
14	155059	151375	3684	1576	93	58	2108	0.0136	0.0102	0.0139	0.0099	0.0004
15	155059	150945	4114	1555	104	46	2559	0.0165	0.0100	0.0168	0.0097	0.0003
16	155059	151072	3987	1571	105	59	2416	0.0156	0.0101	0.0159	0.0098	0.0004
17	155059	151145	3914	1529	108	49	2385	0.0154	0.0099	0.0157	0.0095	0.0003
18	155059	151049	4010	1533	104	55	2477	0.0160	0.0099	0.0163	0.0096	0.0004
19	155059	150777	4282	1682	118	63	2600	0.0168	0.0108	0.0171	0.0105	0.0004
20	155059	150087	4972	1681	141	78	3291	0.0212	0.0108	0.0217	0.0104	0.0005
21	155059	150199	4860	1589	146	68	3271	0.0211	0.0102	0.0216	0.0098	0.0004
22	155059	149192	5867	1564	179	111	4303	0.0278	0.0101	0.0283	0.0095	0.0007
23	155059	149679	5380	1596	222	111	3784	0.0244	0.0103	0.0251	0.0096	0.0007
24	155059	149019	6040	1794	241	130	4246	0.0274	0.0116	0.0282	0.0108	0.0008
25	155059	148102	6957	1845	293	163	5112	0.0330	0.0119	0.0339	0.0110	0.0011
26	155059	147656	7403	1853	390	227	5550	0.0358	0.0120	0.0371	0.0107	0.0015
27	155059	145525	9534	2088	562	335	7446	0.0480	0.0135	0.0498	0.0117	0.0022
28	155059	145448	9611	2171	692	357	7440	0.0480	0.0140	0.0502	0.0118	0.0023
29	155059	144240	10819	2184	828	471	8635	0.0557	0.0141	0.0584	0.0114	0.0030
30	155059	143683	11376	2236	944	473	9140	0.0589	0.0144	0.0620	0.0114	0.0031
31	155059	144044	11015	2354	1054	581	8661	0.0559	0.0152	0.0593	0.0118	0.0037
32	155059	138713	16346	2732	1597	1016	13614	0.0878	0.0176	0.0929	0.0125	0.0066
33	155059	138335	16724	3251	2282	1266	13473	0.0869	0.0210	0.0942	0.0136	0.0082
34	155059	137707	17352	1743	1266	0	15609	0.1007	0.0112	0.1047	0.0072	0.0000
