Pos	Count	Matches	Mis	Valid	Inval	Inv St	Errors	E rate	SNPrate	CE rate	CSNPrat	FSNPrat
0	1957628	1915523	42105	8884	1522	1522	33221	0.0170	0.0045	0.0174	0.0041	0.0008
1	1957628	1912944	44684	17462	2194	672	27222	0.0139	0.0089	0.0145	0.0084	0.0003
2	1957628	1924919	32709	16924	1333	661	15785	0.0081	0.0086	0.0084	0.0083	0.0003
3	1957628	1924549	33079	16256	1117	456	16823	0.0086	0.0083	0.0089	0.0080	0.0002
4	1957628	1924804	32824	15884	1034	578	16940	0.0087	0.0081	0.0089	0.0078	0.0003
5	1957628	1911663	45965	16577	1946	1368	29388	0.0150	0.0085	0.0155	0.0080	0.0007
6	1957628	1900130	57498	16530	2012	644	40968	0.0209	0.0084	0.0214	0.0079	0.0003
7	1957628	1927891	29737	15270	951	307	14467	0.0074	0.0078	0.0076	0.0076	0.0002
8	1957628	1929198	28430	14861	597	290	13569	0.0069	0.0076	0.0071	0.0074	0.0001
9	1957628	1924922	32706	15182	721	431	17524	0.0090	0.0078	0.0091	0.0076	0.0002
10	1957628	1911517	46111	15519	1161	730	30592	0.0156	0.0079	0.0159	0.0076	0.0004
11	1957628	1911074	46554	15037	1230	500	31517	0.0161	0.0077	0.0164	0.0074	0.0003
12	1957628	1923133	34495	14384	891	391	20111	0.0103	0.0073	0.0105	0.0071	0.0002
13	1957628	1925213	32415	14515	755	364	17900	0.0091	0.0074	0.0093	0.0072	0.0002
14	1957628	1919110	38518	14394	855	491	24124	0.0123	0.0074	0.0125	0.0071	0.0003
15	1957628	1912828	44800	14465	1186	695	30335	0.0155	0.0074	0.0158	0.0071	0.0004
16	1957628	1910835	46793	14797	1260	565	31996	0.0163	0.0076	0.0167	0.0072	0.0003
17	1957628	1915476	42152	14578	1198	633	27574	0.0141	0.0074	0.0144	0.0071	0.0003
18	1957628	1913878	43750	14558	1208	575	29192	0.0149	0.0074	0.0152	0.0071	0.0003
19	1957628	1913961	43667	14609	1221	646	29058	0.0148	0.0075	0.0152	0.0072	0.0003
20	1957628	1902340	55288	14801	1602	956	40487	0.0207	0.0076	0.0211	0.0072	0.0005
21	1957628	1900130	57498	15169	2115	1159	42329	0.0216	0.0077	0.0222	0.0072	0.0006
22	1957628	1889892	67736	15540	2555	1396	52196	0.0267	0.0079	0.0273	0.0073	0.0007
23	1957628	1896367	61261	15624	2549	1153	45637	0.0233	0.0080	0.0240	0.0073	0.0006
24	1957628	1892636	64992	15956	2619	1466	49036	0.0250	0.0082	0.0257	0.0075	0.0007
25	1957628	1879722	77906	17086	3571	2105	60820	0.0311	0.0087	0.0320	0.0078	0.0011
26	1957628	1868533	89095	18098	4712	2607	70997	0.0363	0.0092	0.0375	0.0080	0.0013
27	1957628	1853190	104438	19016	6199	3592	85422	0.0436	0.0097	0.0452	0.0081	0.0018
28	1957628	1849645	107983	19589	7515	3923	88394	0.0452	0.0100	0.0471	0.0081	0.0020
29	1957628	1840942	116686	20555	8668	4745	96131	0.0491	0.0105	0.0513	0.0083	0.0024
30	1957628	1825211	132417	21795	10504	5759	110622	0.0565	0.0111	0.0592	0.0085	0.0029
31	1957628	1826220	131408	22312	12448	6689	109096	0.0557	0.0114	0.0589	0.0082	0.0034
32	1957628	1773358	184270	25687	18456	11767	158583	0.0810	0.0131	0.0857	0.0084	0.0060
33	1957628	1767711	189917	30990	25634	13867	158927	0.0812	0.0158	0.0877	0.0093	0.0071
34	1957628	1763277	194351	16502	13867	0	177849	0.0908	0.0084	0.0944	0.0049	0.0000
