Pos	Count	Matches	Mis	Valid	Inval	Inv St	Errors	E rate	SNPrate	CE rate	CSNPrat	FSNPrat
0	714897	700172	14725	3244	602	602	11481	0.0161	0.0045	0.0165	0.0041	0.0008
1	714897	698609	16288	6612	861	259	9676	0.0135	0.0092	0.0141	0.0086	0.0004
2	714897	702561	12336	6492	510	251	5844	0.0082	0.0091	0.0085	0.0087	0.0004
3	714897	702511	12386	6232	440	189	6154	0.0086	0.0087	0.0089	0.0084	0.0003
4	714897	702596	12301	6149	405	216	6152	0.0086	0.0086	0.0089	0.0083	0.0003
5	714897	698315	16582	6331	689	473	10251	0.0143	0.0089	0.0148	0.0084	0.0007
6	714897	693884	21013	6313	703	230	14700	0.0206	0.0088	0.0211	0.0083	0.0003
7	714897	703708	11189	5813	336	106	5376	0.0075	0.0081	0.0078	0.0079	0.0001
8	714897	703821	11076	5884	209	103	5192	0.0073	0.0082	0.0074	0.0081	0.0001
9	714897	702028	12869	6093	243	140	6776	0.0095	0.0085	0.0096	0.0084	0.0002
10	714897	697810	17087	6057	405	265	11030	0.0154	0.0085	0.0157	0.0082	0.0004
11	714897	697745	17152	5851	447	182	11301	0.0158	0.0082	0.0161	0.0079	0.0003
12	714897	701567	13330	5590	331	149	7740	0.0108	0.0078	0.0111	0.0076	0.0002
13	714897	702785	12112	5491	304	155	6621	0.0093	0.0077	0.0095	0.0075	0.0002
14	714897	700192	14705	5336	321	166	9369	0.0131	0.0075	0.0133	0.0072	0.0002
15	714897	698218	16679	5450	403	237	11229	0.0157	0.0076	0.0160	0.0073	0.0003
16	714897	697935	16962	5618	475	238	11344	0.0159	0.0079	0.0162	0.0075	0.0003
17	714897	699035	15862	5424	460	222	10438	0.0146	0.0076	0.0149	0.0073	0.0003
18	714897	698864	16033	5365	426	204	10668	0.0149	0.0075	0.0152	0.0072	0.0003
19	714897	698106	16791	5598	465	261	11193	0.0157	0.0078	0.0160	0.0075	0.0004
20	714897	694697	20200	5504	598	337	14696	0.0206	0.0077	0.0210	0.0073	0.0005
21	714897	694086	20811	5629	723	386	15182	0.0212	0.0079	0.0217	0.0074	0.0005
22	714897	689306	25591	6037	938	552	19554	0.0274	0.0084	0.0280	0.0078	0.0008
23	714897	692056	22841	5968	990	438	16873	0.0236	0.0083	0.0243	0.0077	0.0006
24	714897	689808	25089	6053	984	546	19036	0.0266	0.0085	0.0273	0.0078	0.0008
25	714897	686156	28741	6449	1316	770	22292	0.0312	0.0090	0.0321	0.0081	0.0011
26	714897	682671	32226	6769	1789	1019	25457	0.0356	0.0095	0.0369	0.0082	0.0014
27	714897	675016	39881	7109	2480	1461	32772	0.0458	0.0099	0.0476	0.0082	0.0020
28	714897	674235	40662	7341	2901	1440	33321	0.0466	0.0103	0.0486	0.0082	0.0020
29	714897	669913	44984	7838	3358	1918	37146	0.0520	0.0110	0.0543	0.0086	0.0027
30	714897	665538	49359	8305	4048	2130	41054	0.0574	0.0116	0.0603	0.0088	0.0030
31	714897	667138	47759	8455	4685	2555	39304	0.0550	0.0118	0.0583	0.0086	0.0036
32	714897	644740	70157	9753	7177	4622	60404	0.0845	0.0136	0.0895	0.0086	0.0065
33	714897	643464	71433	11731	9901	5279	59702	0.0835	0.0164	0.0904	0.0095	0.0074
34	714897	640931	73966	6264	5279	0	67702	0.0947	0.0088	0.0984	0.0051	0.0000
