Pos	Count	Matches	Mis	Valid	Inval	Inv St	Errors	E rate	SNPrate	CE rate	CSNPrat	FSNPrat
0	16346069	15976096	369973	70631	14279	14279	299342	0.0183	0.0043	0.0187	0.0039	0.0009
1	16346069	15963614	382455	139368	20309	6030	243087	0.0149	0.0085	0.0155	0.0079	0.0004
2	16346069	16075796	270273	134971	11542	5512	135302	0.0083	0.0083	0.0086	0.0079	0.0003
3	16346069	16073579	272490	129799	9693	4181	142691	0.0087	0.0079	0.0090	0.0076	0.0003
4	16346069	16071995	274074	128910	9307	5126	145164	0.0089	0.0079	0.0092	0.0076	0.0003
5	16346069	15958437	387632	136232	16667	11541	251400	0.0154	0.0083	0.0159	0.0078	0.0007
6	16346069	15845946	500123	135531	16942	5401	364592	0.0223	0.0083	0.0228	0.0078	0.0003
7	16346069	16099187	246882	125429	7791	2390	121453	0.0074	0.0077	0.0077	0.0074	0.0001
8	16346069	16111140	234929	122610	4870	2480	112319	0.0069	0.0075	0.0070	0.0074	0.0002
9	16346069	16079142	266927	123325	6010	3530	143602	0.0088	0.0075	0.0090	0.0074	0.0002
10	16346069	15961393	384676	126021	9954	6424	258655	0.0158	0.0077	0.0161	0.0074	0.0004
11	16346069	15944478	401591	123283	10744	4320	278308	0.0170	0.0075	0.0174	0.0072	0.0003
12	16346069	16064140	281929	116051	7415	3095	165878	0.0101	0.0071	0.0104	0.0069	0.0002
13	16346069	16078500	267569	116375	6467	3372	151194	0.0092	0.0071	0.0094	0.0069	0.0002
14	16346069	16031947	314122	116350	7509	4137	197772	0.0121	0.0071	0.0123	0.0069	0.0003
15	16346069	15967811	378258	117330	9672	5535	260928	0.0160	0.0072	0.0163	0.0069	0.0003
16	16346069	15938961	407108	119899	10134	4599	287209	0.0176	0.0073	0.0179	0.0070	0.0003
17	16346069	16005036	341033	117157	9502	4903	223876	0.0137	0.0072	0.0140	0.0069	0.0003
18	16346069	15987573	358496	117434	9293	4390	241062	0.0147	0.0072	0.0150	0.0069	0.0003
19	16346069	15993659	352410	119675	9618	5228	232735	0.0142	0.0073	0.0145	0.0070	0.0003
20	16346069	15882754	463315	120517	13276	8048	342798	0.0210	0.0074	0.0214	0.0070	0.0005
21	16346069	15843639	502430	124223	17112	9064	378207	0.0231	0.0076	0.0237	0.0071	0.0006
22	16346069	15794754	551315	126766	19766	10702	424549	0.0260	0.0078	0.0266	0.0072	0.0007
23	16346069	15846312	499757	125114	19774	9072	374643	0.0229	0.0077	0.0235	0.0070	0.0006
24	16346069	15821942	524127	128382	20823	11751	395745	0.0242	0.0079	0.0248	0.0072	0.0007
25	16346069	15690732	655337	140426	30478	18727	514911	0.0315	0.0086	0.0324	0.0077	0.0011
26	16346069	15564207	781862	147687	40502	21775	634175	0.0388	0.0090	0.0400	0.0078	0.0013
27	16346069	15512960	833109	151211	50119	28344	681898	0.0417	0.0093	0.0432	0.0077	0.0017
28	16346069	15468028	878041	156964	58762	30418	721077	0.0441	0.0096	0.0459	0.0078	0.0019
29	16346069	15408074	937995	166281	69243	38825	771714	0.0472	0.0102	0.0493	0.0081	0.0024
30	16346069	15236330	1109739	182395	90523	51698	927344	0.0567	0.0112	0.0595	0.0084	0.0032
31	16346069	15194493	1151576	188059	108481	56783	963517	0.0589	0.0115	0.0623	0.0082	0.0035
32	16346069	14866196	1479873	207336	148788	92005	1272537	0.0778	0.0127	0.0824	0.0081	0.0056
33	16346069	14802387	1543682	249154	201628	109623	1294528	0.0792	0.0152	0.0854	0.0091	0.0067
34	16346069	14777303	1568766	133986	109623	0	1434780	0.0878	0.0082	0.0911	0.0048	0.0000
