Pos	Count	Matches	Mis	Valid	Inval	Inv St	Errors	E rate	SNPrate	CE rate	CSNPrat	FSNPrat
0	13098279	12800817	297462	57604	11477	11477	239858	0.0183	0.0044	0.0188	0.0040	0.0009
1	13098279	12790938	307341	113283	16234	4757	194058	0.0148	0.0086	0.0154	0.0080	0.0004
2	13098279	12880205	218074	109846	9163	4406	108228	0.0083	0.0084	0.0086	0.0080	0.0003
3	13098279	12876369	221910	106962	7750	3344	114948	0.0088	0.0082	0.0091	0.0079	0.0003
4	13098279	12875732	222547	106489	7455	4111	116058	0.0089	0.0081	0.0091	0.0078	0.0003
5	13098279	12784831	313448	111441	13227	9116	202007	0.0154	0.0085	0.0159	0.0080	0.0007
6	13098279	12696141	402138	110687	13307	4191	291451	0.0223	0.0085	0.0228	0.0079	0.0003
7	13098279	12898930	199349	102832	6040	1849	96517	0.0074	0.0079	0.0076	0.0076	0.0001
8	13098279	12907850	190429	100621	3814	1965	89808	0.0069	0.0077	0.0070	0.0075	0.0002
9	13098279	12881576	216703	101131	4744	2779	115572	0.0088	0.0077	0.0090	0.0075	0.0002
10	13098279	12787222	311057	102881	7898	5119	208176	0.0159	0.0079	0.0162	0.0076	0.0004
11	13098279	12774838	323441	100395	8549	3430	223046	0.0170	0.0077	0.0174	0.0073	0.0003
12	13098279	12870302	227977	94780	5898	2468	133197	0.0102	0.0072	0.0104	0.0070	0.0002
13	13098279	12882175	216104	95232	5086	2618	120872	0.0092	0.0073	0.0094	0.0071	0.0002
14	13098279	12845624	252655	94919	6023	3405	157736	0.0120	0.0072	0.0123	0.0070	0.0003
15	13098279	12792686	305593	96330	8022	4617	209263	0.0160	0.0074	0.0163	0.0070	0.0004
16	13098279	12769398	328881	98952	8381	3764	229929	0.0176	0.0076	0.0179	0.0072	0.0003
17	13098279	12821987	276292	96208	7692	3928	180084	0.0137	0.0073	0.0140	0.0071	0.0003
18	13098279	12809391	288888	95913	7591	3663	192975	0.0147	0.0073	0.0150	0.0070	0.0003
19	13098279	12813186	285093	97572	7833	4170	187521	0.0143	0.0074	0.0146	0.0072	0.0003
20	13098279	12724308	373971	98676	10609	6439	275295	0.0210	0.0075	0.0214	0.0071	0.0005
21	13098279	12692129	406150	101611	13703	7264	304539	0.0233	0.0078	0.0238	0.0072	0.0006
22	13098279	12654418	443861	103506	15935	8671	340355	0.0260	0.0079	0.0266	0.0073	0.0007
23	13098279	12695622	402657	102192	16130	7459	300465	0.0229	0.0078	0.0236	0.0072	0.0006
24	13098279	12675824	422455	104979	16712	9253	317476	0.0242	0.0080	0.0249	0.0074	0.0007
25	13098279	12570272	528007	113789	24277	15024	414218	0.0316	0.0087	0.0326	0.0078	0.0011
26	13098279	12467785	630494	119553	32463	17439	510941	0.0390	0.0091	0.0402	0.0079	0.0013
27	13098279	12426378	671901	123605	40448	23009	548296	0.0419	0.0094	0.0434	0.0079	0.0018
28	13098279	12387774	710505	128385	47561	24552	582120	0.0444	0.0098	0.0463	0.0080	0.0019
29	13098279	12340585	757694	135397	55885	31333	622297	0.0475	0.0103	0.0496	0.0082	0.0024
30	13098279	12204937	893342	147981	72581	41248	745361	0.0569	0.0113	0.0597	0.0085	0.0031
31	13098279	12168981	929298	153027	86775	45527	776271	0.0593	0.0117	0.0626	0.0084	0.0035
32	13098279	11905374	1192905	168351	120018	74491	1024554	0.0782	0.0129	0.0828	0.0083	0.0057
33	13098279	11851726	1246553	201852	163076	88585	1044701	0.0798	0.0154	0.0860	0.0092	0.0068
34	13098279	11831957	1266322	108736	88585	0	1157586	0.0884	0.0083	0.0918	0.0049	0.0000
