Pos	Count	Matches	Mis	Valid	Inval	Inv St	Errors	E rate	SNPrate	CE rate	CSNPrat	FSNPrat
0	8563042	8371200	191842	36809	7463	7463	155033	0.0181	0.0043	0.0185	0.0039	0.0009
1	8563042	8363994	199048	72769	10570	3107	126279	0.0147	0.0085	0.0154	0.0079	0.0004
2	8563042	8421323	141719	70537	5965	2858	71182	0.0083	0.0082	0.0087	0.0079	0.0003
3	8563042	8420130	142912	68139	5109	2251	74773	0.0087	0.0080	0.0090	0.0077	0.0003
4	8563042	8419779	143263	67661	4899	2648	75602	0.0088	0.0079	0.0091	0.0076	0.0003
5	8563042	8360523	202519	71135	8458	5810	131384	0.0153	0.0083	0.0158	0.0078	0.0007
6	8563042	8304163	258879	70561	8548	2738	188318	0.0220	0.0082	0.0225	0.0077	0.0003
7	8563042	8434865	128177	64930	3990	1252	63247	0.0074	0.0076	0.0076	0.0073	0.0001
8	8563042	8440643	122399	63619	2510	1258	58780	0.0069	0.0074	0.0070	0.0073	0.0001
9	8563042	8422807	140235	64258	3039	1781	75977	0.0089	0.0075	0.0091	0.0073	0.0002
10	8563042	8362750	200292	65924	5076	3295	134368	0.0157	0.0077	0.0160	0.0074	0.0004
11	8563042	8354042	209000	64410	5636	2341	144590	0.0169	0.0075	0.0172	0.0072	0.0003
12	8563042	8415545	147497	60595	3937	1596	86902	0.0101	0.0071	0.0104	0.0068	0.0002
13	8563042	8423516	139526	60762	3327	1731	78764	0.0092	0.0071	0.0094	0.0069	0.0002
14	8563042	8398875	164167	60413	3991	2260	103754	0.0121	0.0071	0.0123	0.0068	0.0003
15	8563042	8366106	196936	61359	5201	2941	135577	0.0158	0.0072	0.0161	0.0069	0.0003
16	8563042	8352248	210794	62623	5423	2482	148171	0.0173	0.0073	0.0176	0.0070	0.0003
17	8563042	8384632	178410	60822	5004	2522	117588	0.0137	0.0071	0.0140	0.0068	0.0003
18	8563042	8376077	186965	60971	4839	2317	125994	0.0147	0.0071	0.0150	0.0068	0.0003
19	8563042	8378242	184800	62200	5099	2782	122600	0.0143	0.0073	0.0146	0.0070	0.0003
20	8563042	8321604	241438	62710	6996	4214	178728	0.0209	0.0073	0.0213	0.0069	0.0005
21	8563042	8303969	259073	64312	8896	4682	194761	0.0227	0.0075	0.0233	0.0070	0.0005
22	8563042	8274189	288853	65897	10325	5643	222956	0.0260	0.0077	0.0266	0.0071	0.0007
23	8563042	8301001	262041	65349	10413	4770	196692	0.0230	0.0076	0.0236	0.0070	0.0006
24	8563042	8288493	274549	66835	10891	6121	207714	0.0243	0.0078	0.0249	0.0072	0.0007
25	8563042	8222085	340957	72683	15768	9647	268274	0.0313	0.0085	0.0322	0.0076	0.0011
26	8563042	8160342	402700	76602	20846	11199	326098	0.0381	0.0089	0.0393	0.0077	0.0013
27	8563042	8124810	438232	78974	26150	14951	359258	0.0420	0.0092	0.0435	0.0077	0.0017
28	8563042	8103223	459819	82011	31050	16099	377808	0.0441	0.0096	0.0459	0.0078	0.0019
29	8563042	8068868	494174	86824	36156	20057	407350	0.0476	0.0101	0.0497	0.0080	0.0023
30	8563042	7984408	578634	94524	46525	26468	484110	0.0565	0.0110	0.0593	0.0083	0.0031
31	8563042	7967220	595822	97296	55862	29394	498526	0.0582	0.0114	0.0615	0.0081	0.0034
32	8563042	7786392	776650	108382	78295	48901	668268	0.0780	0.0127	0.0826	0.0081	0.0057
33	8563042	7752338	810704	130673	106969	58068	680031	0.0794	0.0153	0.0857	0.0090	0.0068
34	8563042	7736062	826980	70221	58068	0	756759	0.0884	0.0082	0.0918	0.0048	0.0000
