Pos	Count	Matches	Mis	Valid	Inval	Inv St	Errors	E rate	SNPrate	CE rate	CSNPrat	FSNPrat
0	4992783	4878581	114202	24701	4431	4431	89501	0.0179	0.0049	0.0184	0.0045	0.0009
1	4992783	4871234	121549	48345	6321	1890	73204	0.0147	0.0097	0.0153	0.0091	0.0004
2	4992783	4904373	88410	46913	3521	1631	41497	0.0083	0.0094	0.0087	0.0090	0.0003
3	4992783	4903308	89475	45702	2910	1279	43773	0.0088	0.0092	0.0091	0.0089	0.0003
4	4992783	4903253	89530	45300	2869	1590	44230	0.0089	0.0091	0.0091	0.0088	0.0003
5	4992783	4870088	122695	47123	5025	3435	75572	0.0151	0.0094	0.0156	0.0089	0.0007
6	4992783	4837208	155575	46917	5026	1591	108658	0.0218	0.0094	0.0223	0.0089	0.0003
7	4992783	4911821	80962	44035	2368	777	36927	0.0074	0.0088	0.0076	0.0086	0.0002
8	4992783	4914595	78188	43274	1543	766	34914	0.0070	0.0087	0.0071	0.0085	0.0002
9	4992783	4904664	88119	43887	1877	1111	44232	0.0089	0.0088	0.0090	0.0086	0.0002
10	4992783	4869884	122899	44720	3073	1962	78179	0.0157	0.0090	0.0160	0.0086	0.0004
11	4992783	4866798	125985	43187	3269	1307	82798	0.0166	0.0086	0.0169	0.0083	0.0003
12	4992783	4901520	91263	40592	2203	896	50671	0.0101	0.0081	0.0104	0.0079	0.0002
13	4992783	4906388	86395	40837	1908	1012	45558	0.0091	0.0082	0.0093	0.0080	0.0002
14	4992783	4891568	101215	40718	2214	1202	60497	0.0121	0.0082	0.0123	0.0079	0.0002
15	4992783	4873234	119549	40953	2896	1694	78596	0.0157	0.0082	0.0160	0.0079	0.0003
16	4992783	4865901	126882	41907	3170	1476	84975	0.0170	0.0084	0.0173	0.0081	0.0003
17	4992783	4883229	109554	41159	2914	1438	68395	0.0137	0.0082	0.0140	0.0080	0.0003
18	4992783	4878764	114019	40957	2830	1392	73062	0.0146	0.0082	0.0149	0.0079	0.0003
19	4992783	4879690	113093	41673	2997	1605	71420	0.0143	0.0083	0.0146	0.0080	0.0003
20	4992783	4848121	144662	41817	4035	2430	102845	0.0206	0.0084	0.0210	0.0080	0.0005
21	4992783	4838383	154400	42650	5148	2718	111750	0.0224	0.0085	0.0229	0.0080	0.0005
22	4992783	4820072	172711	43812	5950	3232	128899	0.0258	0.0088	0.0264	0.0082	0.0006
23	4992783	4835667	157116	43344	6056	2824	113772	0.0228	0.0087	0.0234	0.0081	0.0006
24	4992783	4827540	165243	44779	6306	3482	120464	0.0241	0.0090	0.0248	0.0083	0.0007
25	4992783	4789257	203526	48228	9057	5575	155298	0.0311	0.0097	0.0320	0.0088	0.0011
26	4992783	4755455	237328	49805	12256	6681	187523	0.0376	0.0100	0.0388	0.0087	0.0013
27	4992783	4732269	260514	51065	15487	8806	209449	0.0420	0.0102	0.0435	0.0087	0.0018
28	4992783	4720400	272383	52790	18258	9452	219593	0.0440	0.0106	0.0458	0.0087	0.0019
29	4992783	4700750	292033	55863	21093	11641	236170	0.0473	0.0112	0.0494	0.0091	0.0023
30	4992783	4652109	340674	60494	27004	15363	280180	0.0561	0.0121	0.0588	0.0094	0.0031
31	4992783	4645165	347618	61598	32460	17097	286020	0.0573	0.0123	0.0605	0.0091	0.0034
32	4992783	4534578	458205	67868	45526	28429	390337	0.0782	0.0136	0.0827	0.0090	0.0057
33	4992783	4516272	476511	80640	62107	33678	395871	0.0793	0.0162	0.0855	0.0099	0.0067
34	4992783	4507406	485377	42925	33678	0	442452	0.0886	0.0086	0.0920	0.0052	0.0000
