Pos	Count	Matches	Mis	Valid	Inval	Inv St	Errors	E rate	SNPrate	CE rate	CSNPrat	FSNPrat
0	5398193	5276619	121574	24274	4667	4667	97300	0.0180	0.0045	0.0185	0.0041	0.0009
1	5398193	5272115	126078	47712	6590	1923	78366	0.0145	0.0088	0.0151	0.0082	0.0004
2	5398193	5308382	89811	45811	3729	1806	44000	0.0082	0.0085	0.0085	0.0081	0.0003
3	5398193	5306546	91647	44487	3206	1400	47160	0.0087	0.0082	0.0090	0.0079	0.0003
4	5398193	5306142	92051	44623	3132	1732	47428	0.0088	0.0083	0.0091	0.0080	0.0003
5	5398193	5269787	128406	46263	5461	3729	82143	0.0152	0.0086	0.0157	0.0081	0.0007
6	5398193	5235170	163023	45458	5528	1799	117565	0.0218	0.0084	0.0223	0.0079	0.0003
7	5398193	5315896	82297	42466	2592	793	39831	0.0074	0.0079	0.0076	0.0076	0.0001
8	5398193	5319258	78935	42015	1588	795	36920	0.0068	0.0078	0.0070	0.0076	0.0001
9	5398193	5308202	89991	42351	1897	1102	47640	0.0088	0.0078	0.0090	0.0077	0.0002
10	5398193	5270694	127499	43290	3243	2141	84209	0.0156	0.0080	0.0159	0.0077	0.0004
11	5398193	5265920	132273	42296	3532	1391	89977	0.0167	0.0078	0.0170	0.0075	0.0003
12	5398193	5303721	94472	40183	2376	985	54289	0.0101	0.0074	0.0103	0.0072	0.0002
13	5398193	5308774	89419	40017	2102	1117	49402	0.0092	0.0074	0.0093	0.0072	0.0002
14	5398193	5293528	104665	39476	2569	1452	65189	0.0121	0.0073	0.0123	0.0071	0.0003
15	5398193	5272799	125394	40469	3320	1868	84925	0.0157	0.0075	0.0160	0.0072	0.0003
16	5398193	5264051	134142	41489	3455	1587	92653	0.0172	0.0077	0.0175	0.0074	0.0003
17	5398193	5284406	113787	40103	3123	1536	73684	0.0136	0.0074	0.0139	0.0071	0.0003
18	5398193	5278993	119200	40142	3035	1499	79058	0.0146	0.0074	0.0149	0.0072	0.0003
19	5398193	5279712	118481	40853	3267	1768	77628	0.0144	0.0076	0.0147	0.0073	0.0003
20	5398193	5245044	153149	41285	4402	2634	111864	0.0207	0.0076	0.0211	0.0072	0.0005
21	5398193	5233716	164477	42681	5597	2963	121796	0.0226	0.0079	0.0231	0.0074	0.0005
22	5398193	5214059	184134	43249	6639	3676	140885	0.0261	0.0080	0.0267	0.0074	0.0007
23	5398193	5231606	166587	42686	6713	3037	123901	0.0230	0.0079	0.0236	0.0073	0.0006
24	5398193	5222907	175286	43992	6934	3897	131294	0.0243	0.0081	0.0250	0.0075	0.0007
25	5398193	5182129	216064	47258	9809	5912	168806	0.0313	0.0088	0.0322	0.0078	0.0011
26	5398193	5144392	253801	49607	13014	7102	204194	0.0378	0.0092	0.0390	0.0080	0.0013
27	5398193	5119644	278549	51640	16517	9415	226909	0.0420	0.0096	0.0436	0.0080	0.0017
28	5398193	5106170	292023	53601	19503	10088	238422	0.0442	0.0099	0.0460	0.0081	0.0019
29	5398193	5085845	312348	56128	22921	12833	256220	0.0475	0.0104	0.0496	0.0083	0.0024
30	5398193	5032344	365849	60654	29302	16469	305195	0.0565	0.0112	0.0593	0.0085	0.0031
31	5398193	5023347	374846	62829	34993	18524	312017	0.0578	0.0116	0.0610	0.0084	0.0034
32	5398193	4905014	493179	69764	49226	30702	423415	0.0784	0.0129	0.0830	0.0084	0.0057
33	5398193	4885432	512761	83472	67040	36338	429289	0.0795	0.0155	0.0857	0.0093	0.0067
34	5398193	4876561	521632	44798	36338	0	476834	0.0883	0.0083	0.0917	0.0049	0.0000
