Pos	Count	Matches	Mis	Valid	Inval	Inv St	Errors	E rate	SNPrate	CE rate	CSNPrat	FSNPrat
0	4244777	4150228	94549	18453	3571	3571	76096	0.0179	0.0043	0.0183	0.0039	0.0008
1	4244777	4146248	98529	36627	5100	1529	61902	0.0146	0.0086	0.0152	0.0080	0.0004
2	4244777	4174768	70009	35437	2960	1431	34572	0.0081	0.0083	0.0085	0.0080	0.0003
3	4244777	4174013	70764	34079	2470	1039	36685	0.0086	0.0080	0.0089	0.0077	0.0002
4	4244777	4174081	70696	33852	2322	1283	36844	0.0087	0.0080	0.0090	0.0077	0.0003
5	4244777	4145494	99283	35472	4153	2870	63811	0.0150	0.0084	0.0155	0.0079	0.0007
6	4244777	4117200	127577	35178	4207	1337	92399	0.0218	0.0083	0.0223	0.0078	0.0003
7	4244777	4181319	63458	32635	1977	640	30823	0.0073	0.0077	0.0075	0.0075	0.0002
8	4244777	4183822	60955	32230	1277	637	28725	0.0068	0.0076	0.0069	0.0074	0.0002
9	4244777	4174766	70011	32579	1550	913	37432	0.0088	0.0077	0.0090	0.0075	0.0002
10	4244777	4145066	99711	33145	2558	1645	66566	0.0157	0.0078	0.0160	0.0075	0.0004
11	4244777	4141728	103049	32331	2819	1174	70718	0.0167	0.0076	0.0170	0.0073	0.0003
12	4244777	4171354	73423	30457	2008	834	42966	0.0101	0.0072	0.0104	0.0069	0.0002
13	4244777	4175359	69418	30602	1657	823	38816	0.0091	0.0072	0.0093	0.0070	0.0002
14	4244777	4162490	82287	30357	1944	1121	51930	0.0122	0.0072	0.0125	0.0069	0.0003
15	4244777	4147135	97642	30512	2546	1425	67130	0.0158	0.0072	0.0161	0.0069	0.0003
16	4244777	4140832	103945	31486	2607	1182	72459	0.0171	0.0074	0.0174	0.0071	0.0003
17	4244777	4155224	89553	30832	2497	1315	58721	0.0138	0.0073	0.0141	0.0070	0.0003
18	4244777	4152188	92589	30585	2434	1119	62004	0.0146	0.0072	0.0149	0.0069	0.0003
19	4244777	4152658	92119	30985	2480	1361	61134	0.0144	0.0073	0.0147	0.0070	0.0003
20	4244777	4125516	119261	31256	3545	2184	88005	0.0207	0.0074	0.0211	0.0069	0.0005
21	4244777	4116338	128439	32227	4501	2317	96212	0.0227	0.0076	0.0232	0.0071	0.0005
22	4244777	4100528	144249	33118	5126	2809	111131	0.0262	0.0078	0.0268	0.0072	0.0007
23	4244777	4114447	130330	32887	5225	2416	97443	0.0230	0.0077	0.0236	0.0071	0.0006
24	4244777	4106791	137986	33811	5482	3066	104175	0.0245	0.0080	0.0252	0.0073	0.0007
25	4244777	4074487	170290	36659	7675	4609	133631	0.0315	0.0086	0.0324	0.0077	0.0011
26	4244777	4044969	199808	38249	10324	5715	161559	0.0381	0.0090	0.0393	0.0078	0.0013
27	4244777	4026339	218438	38935	13237	7522	179503	0.0423	0.0092	0.0438	0.0076	0.0018
28	4244777	4016163	228614	40636	15457	7935	187978	0.0443	0.0096	0.0461	0.0078	0.0019
29	4244777	3997904	246873	43636	18247	10312	203237	0.0479	0.0103	0.0500	0.0081	0.0024
30	4244777	3956568	288209	47322	23586	13274	240887	0.0567	0.0111	0.0595	0.0084	0.0031
31	4244777	3949434	295343	48649	27942	14668	246694	0.0581	0.0115	0.0614	0.0082	0.0035
32	4244777	3855852	388925	54332	38997	24329	334593	0.0788	0.0128	0.0834	0.0082	0.0057
33	4244777	3840836	403941	65253	53451	29122	338688	0.0798	0.0154	0.0861	0.0091	0.0069
34	4244777	3832312	412465	34996	29122	0	377469	0.0889	0.0082	0.0924	0.0048	0.0000
