Pos	Count	Matches	Mis	Valid	Inval	Inv St	Errors	E rate	SNPrate	CE rate	CSNPrat	FSNPrat
0	3385932	3309975	75957	16473	2921	2921	59484	0.0176	0.0049	0.0180	0.0044	0.0009
1	3385932	3304378	81554	32773	4152	1231	48781	0.0144	0.0097	0.0150	0.0091	0.0004
2	3385932	3326235	59697	31892	2334	1103	27805	0.0082	0.0094	0.0086	0.0091	0.0003
3	3385932	3326176	59756	30809	1940	837	28947	0.0085	0.0091	0.0088	0.0088	0.0002
4	3385932	3325710	60222	30602	1881	1044	29620	0.0087	0.0090	0.0090	0.0088	0.0003
5	3385932	3303101	82831	31743	3361	2317	51088	0.0151	0.0094	0.0156	0.0089	0.0007
6	3385932	3281224	104708	31359	3366	1049	73349	0.0217	0.0093	0.0222	0.0088	0.0003
7	3385932	3331318	54614	29420	1549	500	25194	0.0074	0.0087	0.0077	0.0085	0.0001
8	3385932	3333531	52401	29143	1031	531	23258	0.0069	0.0086	0.0070	0.0085	0.0002
9	3385932	3326350	59582	29621	1269	738	29961	0.0088	0.0087	0.0090	0.0086	0.0002
10	3385932	3303322	82610	30003	2073	1335	52607	0.0155	0.0089	0.0158	0.0086	0.0004
11	3385932	3301461	84471	28770	2231	896	55701	0.0165	0.0085	0.0168	0.0082	0.0003
12	3385932	3324515	61417	27253	1505	609	34164	0.0101	0.0080	0.0103	0.0078	0.0002
13	3385932	3327165	58767	27735	1280	671	31032	0.0092	0.0082	0.0094	0.0080	0.0002
14	3385932	3316929	69003	27729	1623	952	41274	0.0122	0.0082	0.0124	0.0079	0.0003
15	3385932	3305094	80838	27825	2103	1151	53013	0.0157	0.0082	0.0160	0.0079	0.0003
16	3385932	3300365	85567	28542	2089	938	57025	0.0168	0.0084	0.0172	0.0081	0.0003
17	3385932	3312084	73848	27797	1975	1037	46051	0.0136	0.0082	0.0139	0.0079	0.0003
18	3385932	3308829	77103	27947	2010	973	49156	0.0145	0.0083	0.0148	0.0080	0.0003
19	3385932	3308859	77073	28355	2082	1109	48718	0.0144	0.0084	0.0147	0.0081	0.0003
20	3385932	3288511	97421	28179	2744	1635	69242	0.0204	0.0083	0.0209	0.0079	0.0005
21	3385932	3282020	103912	29040	3393	1758	74872	0.0221	0.0086	0.0226	0.0081	0.0005
22	3385932	3268949	116983	29439	3987	2229	87544	0.0259	0.0087	0.0264	0.0081	0.0007
23	3385932	3278946	106986	29057	4119	1890	77929	0.0230	0.0086	0.0236	0.0080	0.0006
24	3385932	3273201	112731	29976	4343	2453	82755	0.0244	0.0089	0.0251	0.0082	0.0007
25	3385932	3248427	137505	32182	6138	3685	105323	0.0311	0.0095	0.0320	0.0086	0.0011
26	3385932	3226635	159297	33387	8115	4430	125910	0.0372	0.0099	0.0384	0.0087	0.0013
27	3385932	3207841	178091	34496	10542	6112	143595	0.0424	0.0102	0.0440	0.0086	0.0018
28	3385932	3200688	185244	35920	12561	6449	149324	0.0441	0.0106	0.0460	0.0088	0.0019
29	3385932	3186050	199882	38030	14638	8189	161852	0.0478	0.0112	0.0500	0.0091	0.0024
30	3385932	3155627	230305	40583	18446	10257	189722	0.0560	0.0120	0.0588	0.0093	0.0030
31	3385932	3152506	233426	41092	21978	11721	192334	0.0568	0.0121	0.0600	0.0089	0.0035
32	3385932	3072901	313031	45652	31328	19607	267379	0.0790	0.0135	0.0836	0.0089	0.0058
33	3385932	3061026	324906	54662	42900	23293	270244	0.0798	0.0161	0.0861	0.0098	0.0069
34	3385932	3054710	331222	29328	23293	0	301894	0.0892	0.0087	0.0926	0.0052	0.0000
